100 5
2 1 4 2 5 
20 0 5
5 7 3
8 12 5
2 3 3
7 10 1
20 23 3
20 22 3
19 22 2
21 1 5
13 16 5
23 2 4
22 1 4
21 2 1
20 22 1
15 20 4
12 14 5
9 12 2
5 8 1
14 17 2
0 4 4
18 20 4
6 10 5
1 3 5
17 21 3
10 13 4
17 22 2
19 22 2
12 18 5
1 3 3
16 19 3
2 6 5
17 18 4
4 7 5
14 16 3
7 11 3
23 2 4
0 1 2
5 5 1
9 12 3
16 20 3
3 8 5
1 3 1
17 20 3
20 22 4
13 15 3
9 11 1
0 4 4
5 7 1
0 3 3
20 23 2
20 23 1
6 10 4
13 15 2
11 14 2
13 17 2
0 2 3
8 11 5
17 19 1
22 2 4
6 10 4
8 12 1
2 4 1
9 11 4
13 15 3
18 19 5
8 13 4
8 12 2
22 3 1
14 16 1
2 6 1
14 15 2
6 8 3
19 23 2
14 16 5
20 23 3
0 3 2
4 6 5
1 5 1
5 8 5
0 4 5
12 16 5
3 6 2
20 0 2
5 7 4
22 23 4
14 18 1
11 13 4
11 14 2
22 0 2
10 13 4
10 12 2
22 1 3
5 9 1
23 2 3
11 13 2
12 15 2
7 10 2
1 2 4
1 3 4
17 18 5
