10000 100
90 100 72 30 49 10 16 34 98 88 30 57 75 30 64 11 38 78 22 85 75 80 8 80 30 82 42 27 23 89 47 87 59 70 31 8 94 86 81 96 41 12 33 87 27 21 85 62 27 96 41 61 58 65 75 27 15 57 22 42 4 84 56 33 26 96 80 85 65 3 28 20 100 90 31 9 57 2 12 96 19 69 75 29 35 78 94 27 41 64 6 90 57 82 77 78 68 3 94 39 
17 20 90
22 0 87
20 23 65
13 18 70
14 18 71
0 5 47
16 19 89
21 1 89
2 3 33
9 12 11
21 0 25
20 22 78
7 11 13
23 1 24
13 18 73
18 22 8
5 9 91
1 4 8
3 4 94
1 5 3
23 2 66
22 2 43
2 4 89
2 7 66
13 16 65
2 5 82
20 22 43
23 4 77
3 7 70
5 8 26
8 10 34
15 17 9
15 17 94
18 21 11
22 1 84
15 18 40
2 6 17
0 3 40
18 19 10
12 14 41
1 3 27
3 6 77
21 0 8
15 17 66
5 10 14
16 21 33
19 22 68
22 2 42
16 19 4
0 3 51
2 5 68
23 2 40
11 14 60
2 4 35
0 3 12
20 23 86
8 11 8
23 2 3
3 6 56
6 10 59
16 20 26
19 21 10
5 6 75
19 22 21
18 21 80
13 15 62
12 15 45
1 3 76
8 11 92
9 12 17
7 11 45
11 14 99
3 6 55
10 15 62
20 23 10
19 22 44
17 20 61
1 5 17
16 20 79
2 7 42
4 8 6
17 21 15
6 7 64
4 5 65
23 3 51
19 20 63
14 17 51
15 18 47
5 9 48
18 21 23
13 16 61
16 19 88
9 13 13
17 20 5
16 19 46
11 13 33
22 1 30
4 6 6
8 9 71
16 18 40
14 17 27
15 19 13
20 23 51
21 0 71
18 20 61
8 10 7
11 14 97
18 21 29
11 13 65
1 7 89
19 23 63
6 9 78
1 3 46
11 14 42
11 14 65
9 11 41
5 8 24
0 2 12
13 16 46
12 14 10
12 15 25
16 18 55
22 1 20
17 19 21
15 17 40
0 2 42
3 6 75
23 3 17
21 0 68
18 21 35
16 20 4
14 17 90
15 16 54
7 10 15
15 17 79
3 6 48
8 11 45
14 19 96
10 11 23
18 20 24
15 17 36
23 2 17
10 13 81
20 23 49
4 8 44
15 18 72
9 12 9
4 6 34
11 13 84
10 12 80
20 23 85
11 13 4
4 8 19
13 18 56
12 16 38
20 0 78
7 10 51
1 2 83
10 13 2
19 22 58
19 22 95
5 8 98
22 1 34
23 1 37
16 20 82
3 5 35
11 14 95
22 2 94
17 20 73
16 20 27
4 8 92
5 7 33
11 14 97
15 17 37
22 1 81
20 23 23
10 12 47
20 22 11
12 14 69
8 11 93
18 19 77
6 8 6
22 1 76
14 19 99
3 6 99
6 8 44
20 23 43
15 18 73
19 23 24
9 12 58
12 14 61
18 21 38
9 10 3
13 17 94
16 20 6
13 18 100
18 22 83
17 19 35
13 17 88
16 19 87
21 0 94
10 13 95
19 23 85
22 1 75
15 19 9
23 3 41
12 15 78
8 11 54
3 7 30
16 19 57
23 2 11
4 8 60
10 12 79
16 19 13
20 22 43
1 6 86
22 0 13
2 6 60
0 1 61
6 9 61
4 8 38
21 23 62
7 9 28
18 20 46
22 2 90
13 15 99
22 2 19
5 8 62
16 19 88
22 0 86
6 11 96
12 14 98
19 22 65
18 20 81
13 16 5
20 22 32
8 11 34
2 4 71
4 8 26
20 23 26
23 1 76
22 0 27
3 6 6
13 16 56
23 1 43
7 10 47
14 16 54
15 17 52
12 16 85
18 22 42
18 20 77
11 15 2
13 16 95
18 21 15
7 9 68
5 7 53
8 10 14
18 19 74
16 19 51
11 15 40
14 17 73
2 4 11
13 16 44
14 18 70
17 21 25
6 9 58
0 2 84
2 4 46
4 7 33
2 7 75
4 8 32
10 13 40
16 21 67
9 12 100
19 23 83
18 23 55
18 20 47
3 7 74
13 16 4
23 1 59
12 15 20
6 9 63
3 6 48
3 6 4
13 17 33
16 18 84
20 23 16
16 18 83
7 9 34
16 19 23
13 16 73
20 0 11
9 11 38
1 3 17
11 13 100
15 18 63
9 12 75
14 19 61
4 7 37
17 18 86
1 2 14
20 22 25
4 7 90
3 5 87
15 18 16
16 19 79
1 4 100
10 13 82
12 15 91
17 19 48
20 23 36
19 22 93
23 3 20
5 8 29
8 10 8
15 17 60
1 4 48
21 1 28
10 13 2
15 17 39
7 10 70
5 7 19
20 0 45
9 12 27
1 4 71
19 22 10
17 20 54
11 13 68
3 6 37
22 2 56
12 14 54
0 4 74
8 10 8
1 5 83
15 18 61
8 10 2
2 6 80
22 1 33
1 4 87
5 9 88
0 2 79
5 9 89
18 23 73
3 7 9
17 22 28
3 7 34
19 22 47
16 20 21
8 11 19
16 22 92
0 3 11
9 13 65
23 1 70
14 16 99
9 12 99
8 11 46
4 7 58
15 17 46
16 18 22
11 15 34
14 18 90
8 13 74
17 20 41
19 23 53
18 22 99
6 9 22
4 5 93
3 5 5
5 10 20
3 7 35
23 2 41
9 13 12
2 6 51
4 8 24
2 3 52
9 11 51
19 23 32
20 0 60
23 3 51
18 20 72
1 5 74
12 15 78
6 8 93
22 1 25
10 13 13
20 23 87
12 13 60
10 11 31
7 11 97
5 9 16
3 7 57
19 22 26
20 22 33
1 4 77
17 20 41
21 0 30
14 16 17
22 23 31
4 7 21
12 16 20
20 0 10
23 3 13
21 1 68
3 6 9
23 1 41
17 21 57
14 17 8
18 21 63
17 20 31
21 22 93
16 20 23
22 2 90
18 21 78
5 9 16
12 16 5
1 5 65
4 7 79
22 1 32
16 21 72
20 22 41
2 6 3
7 10 86
14 15 2
6 10 57
10 13 71
10 14 35
22 1 85
23 0 48
9 14 97
15 16 37
23 3 38
19 20 59
6 8 57
6 6 67
4 8 36
3 6 12
1 5 22
12 16 55
18 22 20
17 19 68
3 4 87
15 19 83
12 15 50
22 1 47
16 19 79
14 17 55
17 22 2
5 8 26
21 0 87
6 9 87
16 19 26
19 22 9
4 7 81
14 15 30
16 18 22
17 20 67
17 20 62
23 2 45
12 15 90
7 10 3
20 23 82
17 20 73
9 13 97
14 18 1
2 4 36
1 4 19
7 8 88
2 3 39
6 8 35
18 22 29
18 22 42
0 3 76
19 23 3
14 18 52
5 8 51
18 0 4
3 6 41
6 9 3
23 1 77
3 5 17
6 9 18
22 1 23
6 9 37
23 3 71
14 17 100
3 7 1
5 9 97
14 17 60
15 19 19
22 23 44
10 14 65
13 15 35
19 22 23
7 9 82
2 4 97
6 9 17
20 23 42
21 23 92
20 22 67
2 6 98
5 8 51
15 17 44
14 18 13
8 11 55
18 23 63
7 10 64
18 21 74
8 9 64
8 9 97
10 12 7
7 11 54
3 6 7
1 5 17
5 7 30
14 18 27
14 18 78
12 17 39
5 8 73
5 8 94
6 8 41
22 1 90
23 2 86
3 7 27
14 16 76
5 7 17
16 19 6
9 12 10
3 6 89
5 8 93
4 7 40
18 21 91
0 3 44
15 18 30
11 14 70
21 23 33
22 2 46
15 18 50
17 19 54
17 19 9
7 10 40
6 10 64
7 10 2
16 19 85
6 9 96
18 21 40
1 4 11
7 13 65
7 12 28
18 18 49
21 23 68
11 14 77
6 10 22
3 6 45
0 4 92
10 15 85
23 2 59
15 17 94
4 6 95
9 12 84
11 14 87
9 12 33
0 3 83
17 20 42
11 13 31
21 1 78
12 18 69
22 0 47
22 23 84
22 2 71
5 7 66
14 17 97
21 0 97
1 5 18
17 19 71
13 16 54
5 9 70
15 17 93
8 11 29
0 3 67
3 7 61
7 10 1
21 1 68
3 4 20
0 2 12
3 6 45
8 11 75
20 23 27
17 19 30
9 13 17
8 11 9
2 5 86
20 23 27
11 15 27
21 23 51
4 6 28
1 4 44
2 6 79
20 23 87
1 5 30
9 12 58
23 3 9
5 8 76
22 0 89
20 22 24
12 16 98
18 20 39
4 8 44
13 17 56
14 19 45
23 1 43
23 1 40
20 0 64
6 8 47
10 11 76
5 6 40
6 8 32
17 20 30
13 15 13
2 5 44
8 11 24
21 1 43
3 6 40
22 2 40
3 6 92
11 15 18
6 8 33
2 6 45
0 2 57
2 6 36
17 19 23
13 15 39
9 13 51
1 5 45
5 9 51
22 1 63
15 20 77
22 3 23
17 19 97
23 3 79
16 18 51
6 8 98
2 6 8
7 10 21
1 4 91
1 5 97
13 16 58
10 13 46
10 12 22
14 17 14
3 8 20
10 14 40
15 16 48
17 20 69
2 5 51
23 2 10
17 19 93
15 18 86
16 19 99
16 19 12
9 12 89
0 2 97
17 20 40
9 12 40
4 7 58
10 12 51
0 3 100
23 3 35
13 15 87
9 13 20
1 3 91
12 16 15
8 12 77
13 15 67
12 16 99
7 10 49
4 7 21
0 1 38
16 18 6
0 3 75
2 6 93
8 11 17
23 3 83
12 14 21
23 1 98
8 10 41
1 4 8
15 19 63
5 7 65
19 21 93
12 13 90
10 12 30
13 17 56
15 19 82
7 10 71
20 23 28
17 21 73
3 4 100
2 6 85
4 6 41
23 2 2
9 12 94
21 2 76
22 3 27
14 16 88
20 0 63
8 12 4
9 15 97
17 20 31
11 14 53
22 1 57
9 11 5
17 18 34
2 5 37
10 12 29
13 16 34
8 10 35
6 8 61
5 9 31
19 22 20
8 11 48
4 7 77
22 1 49
20 22 6
9 11 38
15 18 6
23 2 94
5 9 38
15 18 86
9 13 90
3 6 51
15 19 34
20 23 15
16 20 4
20 22 63
5 9 78
5 8 85
15 18 95
21 1 2
23 2 82
6 9 93
21 2 51
0 2 2
15 17 58
2 5 53
17 20 72
11 14 84
16 18 25
13 16 2
17 20 61
5 9 55
12 15 85
3 6 55
21 2 70
0 3 19
4 7 74
9 11 39
4 6 2
18 21 70
23 3 76
19 21 61
10 13 37
1 5 74
17 21 72
22 0 86
10 14 88
19 21 89
5 8 8
16 21 62
1 3 2
23 2 76
8 12 6
20 0 64
4 7 8
14 16 30
20 22 6
17 20 13
23 0 65
7 9 92
5 9 11
7 9 27
1 2 76
1 5 32
10 14 70
4 6 9
14 17 11
19 22 29
12 15 20
20 23 26
0 4 21
0 4 30
2 3 17
5 7 45
2 4 16
15 19 78
11 14 38
20 0 29
10 13 66
20 1 75
10 13 2
5 9 52
19 0 31
22 23 6
20 23 91
7 9 43
1 5 99
2 6 76
14 17 81
11 12 83
18 22 18
4 6 73
13 16 100
5 8 61
23 3 32
12 16 36
22 1 21
16 18 17
18 20 3
15 19 64
11 13 28
8 9 89
14 15 36
10 14 23
14 18 61
16 18 98
4 8 94
20 22 75
8 12 56
6 8 2
18 20 13
13 15 82
12 17 67
20 0 67
18 21 24
8 9 59
0 2 24
4 8 53
22 1 62
13 15 84
2 7 87
10 13 7
22 23 53
22 2 34
8 11 88
6 10 7
13 17 8
10 14 13
6 9 49
23 3 23
7 10 19
1 4 4
10 14 61
0 3 43
11 15 84
8 11 21
15 19 21
10 15 81
11 14 63
3 6 92
21 1 59
2 5 80
19 20 8
1 5 100
2 4 18
10 14 7
22 2 7
20 21 22
14 17 52
15 17 81
9 12 88
15 18 49
3 7 93
6 8 53
11 13 12
12 16 31
16 20 78
19 22 44
13 16 27
22 2 72
13 18 20
17 20 99
10 14 13
16 21 80
12 14 23
8 12 76
15 19 23
0 2 35
11 14 41
4 8 68
2 5 89
18 20 69
6 10 40
20 0 50
14 19 62
9 12 23
16 18 60
4 7 33
9 12 96
19 23 41
11 14 51
6 10 52
7 11 18
6 8 38
5 8 37
19 22 61
2 3 41
18 23 84
17 19 42
15 19 59
14 15 27
9 10 87
7 11 62
14 17 98
3 6 11
0 2 80
4 4 1
0 4 22
15 18 55
9 12 54
16 18 26
7 10 39
5 7 48
4 8 26
9 12 3
19 23 14
1 5 15
18 21 16
18 22 63
11 13 100
0 2 10
11 13 70
5 8 54
21 23 37
9 13 50
21 1 16
6 10 37
1 3 13
21 23 29
22 3 54
6 9 41
5 7 26
1 5 95
1 3 98
21 0 69
6 10 66
4 6 73
3 6 51
12 15 11
14 16 25
10 12 67
15 17 32
23 3 23
15 18 57
0 3 80
14 18 86
6 8 16
23 2 88
14 19 58
20 22 10
21 0 81
13 16 98
3 6 68
15 18 15
15 18 35
21 0 34
0 4 58
18 22 76
12 15 57
12 14 29
3 7 26
5 6 98
10 11 68
10 14 62
7 9 19
1 3 85
14 15 49
4 6 62
22 0 98
3 6 23
18 23 93
10 14 35
19 22 3
7 11 55
23 1 8
3 4 52
6 11 44
8 11 54
22 0 34
22 1 61
19 21 42
15 18 49
0 3 79
1 4 48
2 6 37
23 1 87
18 22 11
14 17 76
12 16 50
11 15 12
20 1 49
16 17 33
23 1 62
7 10 14
10 12 26
17 20 33
10 13 68
7 10 14
8 12 82
10 11 14
3 5 5
18 21 62
4 6 89
17 20 53
19 23 62
17 23 11
22 2 78
23 0 72
1 6 54
17 21 19
4 8 83
17 19 92
16 20 93
11 15 37
14 19 2
1 3 79
5 7 84
12 14 56
19 22 70
3 7 21
13 15 60
6 8 62
1 4 99
0 3 98
9 13 86
23 1 17
0 3 30
16 20 70
0 4 24
10 11 79
2 4 99
4 6 72
9 10 99
0 2 79
9 10 43
12 14 50
5 9 29
18 21 70
6 10 5
17 20 18
15 17 34
6 9 50
19 22 57
18 21 66
16 20 97
2 6 18
0 3 8
10 14 45
7 8 93
15 19 2
9 14 27
21 1 70
21 0 53
11 14 25
17 21 6
1 2 35
15 17 23
20 23 74
12 16 37
18 23 8
15 17 78
11 13 25
21 0 58
21 0 62
5 9 46
12 16 73
21 1 17
20 23 73
4 8 57
2 3 80
11 12 16
3 7 25
16 20 70
16 18 4
18 20 77
8 12 83
11 14 69
2 4 1
21 2 89
0 4 29
0 4 16
17 20 29
4 7 21
7 10 57
21 0 5
20 0 6
2 6 6
13 16 42
6 9 6
2 5 82
22 1 87
18 22 25
0 3 100
17 18 23
20 0 51
1 4 40
16 18 40
8 12 62
17 20 40
15 18 72
22 0 25
20 22 52
22 23 10
14 17 32
6 9 15
13 17 10
9 12 38
0 3 50
20 23 12
11 15 2
2 5 29
8 12 17
15 18 55
9 14 12
5 7 19
1 5 40
11 15 49
14 17 42
19 21 10
17 19 62
16 19 14
8 10 16
6 9 65
12 16 88
22 1 5
7 8 1
0 3 93
8 10 71
12 16 91
3 6 35
23 0 94
23 1 38
7 10 41
17 22 86
5 7 94
12 14 97
11 15 78
23 1 98
13 15 12
11 14 31
7 10 3
6 11 36
3 6 12
11 14 82
17 20 37
8 11 60
19 23 56
21 1 72
10 14 85
9 12 85
3 7 7
10 13 7
8 11 59
17 19 40
15 19 33
0 2 84
16 18 58
6 8 77
10 14 86
1 4 58
1 5 98
3 7 70
16 18 100
8 10 50
18 21 55
6 9 79
1 6 95
10 15 65
14 17 35
5 6 88
16 19 35
1 2 60
21 0 77
4 7 89
12 14 27
18 21 97
7 10 1
16 18 41
22 1 82
22 2 84
17 22 13
15 18 75
1 4 85
19 23 57
11 14 22
11 13 71
2 4 96
0 4 29
5 8 71
14 17 86
16 18 65
20 23 37
7 10 71
16 19 42
11 16 65
4 7 9
19 23 22
4 7 66
7 11 1
11 15 43
9 12 30
18 20 5
21 0 46
20 0 82
17 21 5
10 13 18
18 20 85
17 20 92
0 3 65
11 15 42
1 2 6
14 17 98
14 16 39
16 19 70
19 21 14
3 7 11
7 10 33
2 7 13
17 21 14
2 6 65
7 10 72
1 5 57
13 16 49
23 2 27
11 15 51
3 8 77
15 17 16
3 6 14
5 6 44
7 12 38
20 1 79
22 2 99
5 10 76
16 20 8
0 1 12
23 4 77
11 15 53
12 16 91
0 2 84
3 6 12
1 3 80
0 2 87
17 20 67
15 19 97
17 19 89
6 9 9
19 22 37
17 20 62
20 21 29
17 22 50
13 17 42
21 0 25
11 12 91
16 19 38
6 7 38
13 16 66
23 1 59
3 6 98
7 10 87
1 3 55
23 1 45
11 14 49
3 5 21
13 14 69
10 13 27
4 8 87
11 15 61
19 22 17
1 2 93
22 2 30
10 15 19
5 10 26
17 21 91
4 7 61
5 9 74
0 1 20
22 1 64
0 3 22
12 13 25
1 3 35
14 16 64
8 11 53
9 13 5
18 21 25
2 5 32
12 16 21
11 14 75
1 4 84
8 12 76
1 4 45
14 18 85
14 18 82
8 10 3
20 23 19
4 6 93
13 15 99
6 7 79
8 11 1
4 8 3
6 8 46
17 20 27
15 17 5
20 22 76
7 8 17
5 8 15
10 13 47
5 7 43
16 18 63
23 2 46
16 19 55
14 16 76
16 19 36
19 22 48
10 12 56
3 6 21
15 18 63
9 13 91
1 3 71
19 21 14
17 20 53
7 9 20
21 21 78
21 0 68
0 3 95
20 22 39
7 10 70
7 11 7
17 20 94
6 9 9
6 10 96
21 0 57
5 8 29
8 11 64
11 12 51
14 18 83
4 6 32
9 14 49
17 19 28
15 17 86
20 23 19
18 21 94
11 14 72
5 8 12
17 19 14
2 6 36
1 2 94
15 17 5
14 17 15
1 4 96
3 5 95
5 8 44
3 5 52
17 21 49
3 6 22
21 1 57
19 22 62
4 6 55
13 16 32
4 7 93
2 5 77
15 19 36
5 8 96
9 12 98
9 12 51
17 20 59
20 23 67
1 6 26
18 22 14
8 9 13
11 14 89
2 7 94
20 22 33
18 22 92
20 0 70
18 23 17
20 1 5
19 22 53
18 21 71
23 3 33
11 14 42
4 8 28
23 2 61
6 8 90
2 4 91
4 8 87
16 18 32
3 6 41
16 19 79
20 23 54
20 23 87
6 11 39
15 19 34
13 15 47
5 8 66
0 4 97
7 10 60
20 23 17
12 15 57
3 8 90
0 2 68
5 8 88
2 3 2
19 21 9
18 21 26
5 6 90
17 20 80
4 8 37
12 17 75
4 6 92
14 15 12
12 15 3
23 3 19
11 13 67
1 4 63
10 12 79
8 11 94
20 23 6
23 1 98
20 22 85
10 14 54
5 9 30
0 4 53
15 18 66
7 11 22
7 9 72
19 23 39
4 7 61
11 13 48
1 5 79
2 5 95
12 16 58
1 4 84
22 1 19
6 10 5
3 6 5
3 5 56
2 4 10
13 16 23
2 5 59
4 7 15
6 8 62
17 19 34
8 11 91
21 1 48
22 1 51
18 21 24
22 1 17
9 12 23
23 4 5
14 16 52
20 22 81
18 22 40
14 17 54
16 18 39
2 5 93
20 0 89
7 10 35
10 13 15
7 11 2
4 8 61
13 16 21
21 0 38
4 8 66
20 0 16
10 13 66
9 11 32
10 12 76
20 0 92
11 14 95
13 18 23
3 6 27
3 6 25
16 19 47
23 1 48
0 2 100
19 23 84
4 6 30
20 21 98
10 11 12
11 16 3
15 17 95
12 12 19
9 11 69
5 8 71
8 10 69
2 4 14
14 19 98
3 6 66
7 9 56
5 7 95
8 11 67
12 15 47
13 15 96
15 18 14
3 6 46
11 14 11
1 5 43
4 7 70
18 22 58
12 16 44
8 12 65
10 12 91
5 7 42
18 21 39
7 11 24
9 13 39
9 12 1
7 10 7
22 1 64
18 21 6
17 20 16
7 10 71
17 21 60
22 3 4
2 5 85
10 10 27
10 13 28
13 15 38
11 14 46
19 23 29
23 2 28
21 0 97
13 17 35
1 3 30
17 21 10
19 21 57
5 7 91
5 8 57
0 5 53
1 3 34
22 0 31
12 15 44
5 9 77
22 1 83
7 11 61
7 11 48
2 4 25
15 18 100
9 13 34
22 2 34
16 18 93
22 1 8
10 12 45
5 7 24
0 4 7
11 15 81
3 8 62
8 11 34
17 21 4
18 19 82
8 13 12
4 6 37
11 15 29
16 19 49
7 9 81
2 5 16
1 2 53
1 5 20
3 6 100
20 0 95
2 6 75
12 16 39
1 3 5
6 7 65
4 7 74
21 22 44
6 10 45
7 9 73
16 19 83
19 23 54
16 19 85
1 1 87
7 10 77
22 1 42
15 18 72
20 22 39
17 22 11
16 19 10
0 2 52
1 4 38
19 23 56
17 21 68
9 13 72
11 15 34
1 4 9
6 9 21
17 20 6
1 3 98
16 20 59
1 7 63
5 7 88
5 9 82
8 10 33
6 9 39
9 11 39
23 4 13
12 13 54
5 8 59
22 1 3
17 20 97
4 6 18
18 21 94
7 9 56
2 5 18
22 0 43
4 7 36
2 6 68
5 9 45
2 6 72
18 20 53
15 17 93
13 17 15
0 4 90
1 3 1
23 3 20
15 18 49
3 6 47
23 2 5
6 11 92
6 10 47
17 20 100
9 12 69
20 23 89
2 5 92
23 3 28
23 2 84
7 11 4
12 15 14
0 3 43
11 14 76
20 23 9
10 12 56
18 21 35
21 2 77
8 11 16
8 12 16
17 21 56
11 15 64
8 12 21
18 20 52
20 22 28
6 9 66
18 20 91
8 11 32
20 23 22
18 20 38
22 0 28
11 15 5
14 16 42
9 11 73
1 4 32
16 19 75
10 13 32
4 6 15
16 20 27
7 11 94
0 4 30
2 5 99
13 16 29
2 7 11
18 21 74
22 1 55
6 9 71
21 1 5
23 2 19
4 6 35
20 23 91
5 8 15
5 7 62
6 7 55
11 13 73
0 2 21
19 22 8
20 0 22
9 14 17
21 0 3
3 6 9
1 5 72
10 14 58
9 13 9
11 14 99
13 18 49
4 7 57
19 20 19
2 5 32
13 15 41
15 17 67
17 18 88
8 11 39
5 9 16
8 11 48
17 21 62
17 19 2
20 23 69
15 19 66
1 5 79
14 16 27
18 21 98
13 16 55
6 8 47
20 1 51
1 4 7
18 21 20
2 4 1
23 5 54
1 5 72
21 22 65
5 9 18
21 0 42
18 20 52
20 23 15
14 16 32
23 2 49
5 7 30
12 15 96
2 6 94
22 1 88
9 12 43
20 21 27
18 21 91
11 14 23
3 6 77
3 6 64
0 2 62
22 0 47
4 6 9
14 17 18
12 16 63
9 14 25
11 14 99
2 5 27
6 9 57
8 11 19
4 8 50
19 23 73
13 16 64
5 7 79
10 13 87
3 7 63
20 0 66
8 10 7
14 16 38
2 4 39
1 4 88
4 9 20
10 13 47
2 3 82
18 21 7
13 16 88
8 10 69
4 7 48
16 19 59
21 1 63
18 20 14
6 8 82
23 2 87
20 0 91
20 22 36
13 18 51
6 10 18
14 15 11
18 19 60
11 12 87
17 19 8
10 13 28
14 17 81
18 21 69
18 21 53
1 3 34
20 22 74
0 2 100
2 5 98
23 3 72
15 18 19
22 23 48
11 14 73
18 20 56
14 18 21
9 12 66
18 20 5
17 20 97
4 7 85
17 20 95
2 5 93
15 17 12
22 1 84
13 17 90
10 14 38
14 17 79
3 6 37
1 3 37
16 20 25
16 20 61
7 10 65
12 14 62
22 3 78
16 20 75
9 12 8
16 20 30
0 2 47
16 19 78
13 15 82
3 5 36
1 4 12
3 6 43
12 16 65
5 7 74
12 16 47
7 9 8
21 1 46
5 8 36
22 0 85
8 10 63
14 17 47
4 6 71
21 2 78
0 5 10
17 20 36
1 5 62
22 23 18
5 8 83
22 1 78
9 10 20
2 6 78
11 14 3
16 19 78
11 13 58
18 22 85
21 23 2
20 0 94
18 21 1
16 20 69
7 10 86
10 13 6
7 10 66
6 8 36
7 11 85
15 20 57
18 23 17
17 19 54
8 11 64
10 13 40
10 14 74
13 15 64
18 20 28
10 13 31
3 5 59
10 13 6
5 8 36
0 3 38
19 22 62
2 4 34
6 9 87
19 23 82
4 6 13
20 23 92
11 14 25
0 4 81
14 17 35
15 19 79
19 21 24
3 7 40
10 13 85
1 3 28
9 13 46
11 14 31
2 7 34
3 4 68
7 10 4
0 5 86
22 1 67
1 4 12
17 20 46
20 23 18
8 11 28
5 9 86
15 17 79
5 6 89
17 21 85
16 20 28
20 22 6
1 4 26
4 7 52
4 9 10
21 0 64
3 6 83
6 8 89
16 20 39
20 23 96
5 7 30
14 17 28
14 18 63
5 7 17
4 8 27
8 11 19
4 6 84
5 8 15
17 21 19
22 0 54
12 16 49
22 0 59
9 13 49
6 9 65
11 12 1
22 0 43
9 13 78
18 21 67
16 19 28
1 3 99
17 20 44
13 16 59
12 16 94
22 2 97
2 7 61
21 0 16
15 18 81
2 6 54
8 12 29
7 11 45
23 2 32
1 7 38
1 5 17
12 14 18
11 16 9
10 13 48
19 23 55
7 8 31
16 20 8
18 21 38
21 23 78
20 23 29
9 14 19
9 11 40
16 20 5
13 16 80
15 17 48
23 2 97
17 17 80
20 0 71
17 20 58
1 2 69
15 17 99
3 4 44
8 12 16
18 20 18
20 0 90
10 13 34
3 4 99
4 8 69
0 0 27
8 11 37
4 7 39
1 3 49
13 15 31
10 13 57
4 6 56
19 21 69
22 2 39
19 21 45
1 3 49
10 13 12
15 18 75
10 13 82
3 7 7
21 0 68
15 18 30
22 1 27
4 8 90
12 14 36
8 10 63
17 19 70
18 20 43
10 13 54
20 0 88
8 10 80
5 9 88
23 2 33
8 11 95
0 4 20
6 9 83
8 12 23
2 5 30
5 9 100
12 15 96
19 20 38
12 17 82
14 17 19
23 1 45
23 3 96
14 17 37
11 14 64
8 11 49
10 12 8
15 19 20
1 5 32
9 11 94
3 6 81
5 6 54
6 9 24
17 20 67
14 19 77
16 18 91
10 13 56
23 1 50
21 21 26
23 2 8
10 12 61
1 3 31
1 5 46
5 10 7
14 16 78
10 14 12
19 23 79
21 2 2
4 7 8
13 17 50
13 17 49
22 1 82
2 5 95
1 4 47
18 23 67
0 3 93
8 10 83
19 23 76
23 1 88
22 1 65
23 2 55
5 8 80
0 2 80
19 22 66
22 1 30
23 2 24
5 7 13
21 23 16
13 16 42
16 19 46
9 11 29
10 13 96
11 15 61
22 1 93
21 22 21
17 21 87
21 0 79
15 18 67
21 23 97
3 7 2
18 20 40
4 6 24
7 10 72
8 12 80
16 18 18
19 22 54
18 21 67
14 16 69
18 20 41
1 3 80
22 1 89
1 4 58
21 23 7
11 14 45
17 21 84
1 3 41
1 5 66
9 10 60
18 21 57
20 23 28
0 2 13
15 18 56
8 11 70
14 17 77
16 18 19
15 17 17
22 1 24
11 13 35
21 23 60
23 2 58
5 8 92
23 0 89
9 11 51
1 6 42
3 6 81
4 8 64
7 9 84
6 10 89
19 23 42
14 16 39
18 21 23
6 10 67
1 3 31
1 3 57
19 22 86
6 9 93
23 2 78
2 6 25
9 13 76
9 12 84
5 10 67
13 16 18
19 22 48
5 9 85
23 1 44
17 20 19
10 13 73
7 11 66
21 0 8
16 19 43
19 22 67
14 17 36
12 14 60
9 13 91
7 10 29
16 20 62
23 4 14
3 7 93
15 19 35
15 18 72
10 12 41
11 14 52
9 13 84
6 8 54
4 7 28
17 18 18
22 1 7
18 21 98
1 3 53
2 5 24
11 15 70
14 16 28
15 16 30
9 11 18
12 16 89
1 4 74
17 18 33
9 12 98
16 18 37
18 22 90
8 14 57
18 20 77
14 16 93
6 10 53
17 20 100
7 11 88
12 14 90
15 18 52
2 6 27
8 11 60
15 17 14
12 17 83
19 0 86
17 20 41
0 1 9
4 7 71
16 20 63
14 17 73
15 18 74
14 14 28
19 23 79
1 5 46
3 6 98
21 1 73
3 5 85
9 13 6
23 3 10
18 21 25
4 7 72
6 11 95
4 5 55
23 0 68
10 13 47
15 17 53
13 15 40
0 4 72
2 4 81
17 20 79
22 1 37
18 21 55
15 17 69
6 10 76
19 23 68
14 16 10
9 12 45
7 10 88
9 13 64
18 19 83
22 0 17
5 9 78
4 8 20
11 15 72
8 10 3
11 15 96
23 2 96
22 1 14
7 10 78
22 1 83
2 6 9
15 18 79
11 13 81
9 12 9
16 17 5
22 1 5
13 16 72
23 2 52
21 23 71
1 3 71
2 6 25
11 15 13
13 16 32
11 14 41
13 17 80
21 1 50
5 8 85
4 6 79
5 8 99
7 8 14
12 15 8
11 15 30
14 17 47
7 11 20
23 1 27
17 20 1
23 3 34
19 22 88
19 22 86
18 22 72
7 8 5
8 14 51
4 7 9
22 1 3
22 2 82
7 11 38
23 1 67
5 8 87
13 17 29
10 14 82
23 2 8
23 2 36
2 6 76
17 22 42
12 17 30
11 15 26
9 13 64
18 19 84
23 1 38
12 15 22
6 7 66
18 20 100
5 7 43
14 17 43
1 3 29
20 22 63
9 12 22
19 22 27
5 7 18
19 20 10
2 6 77
3 7 26
12 15 81
19 19 16
4 7 34
18 22 53
22 1 51
19 22 70
13 17 26
22 0 53
15 19 22
21 23 38
10 14 35
0 2 97
23 3 77
12 15 98
0 3 74
22 0 67
2 4 10
0 3 93
4 7 56
6 8 39
2 3 14
8 10 32
12 14 45
7 9 34
6 10 81
4 8 3
19 22 61
13 16 96
18 21 99
16 20 33
9 13 73
17 21 7
17 20 11
5 8 64
4 7 70
21 0 96
19 23 19
14 17 96
19 22 63
17 18 5
11 15 10
12 17 80
11 14 28
20 23 4
6 9 98
23 4 64
5 10 70
11 15 74
9 12 17
22 0 85
16 19 81
19 21 67
15 18 82
19 23 11
14 19 41
20 22 56
13 15 95
11 15 32
21 2 55
20 1 67
12 16 31
7 11 53
6 8 83
10 12 40
11 13 54
8 13 44
2 5 38
5 8 18
23 1 24
13 16 22
16 18 40
14 16 42
11 13 62
14 15 14
11 14 19
18 22 94
14 16 46
17 20 16
20 23 96
15 17 100
20 23 21
17 19 89
14 18 3
2 5 84
14 17 89
7 9 12
9 13 52
21 1 47
22 1 27
8 10 48
1 4 92
18 21 1
3 4 28
17 21 37
12 15 28
22 1 39
2 5 34
16 19 88
9 14 42
15 19 78
18 22 26
12 15 82
13 15 56
23 2 22
17 21 22
15 19 75
20 0 66
19 22 38
11 14 39
2 5 84
17 21 94
15 19 29
17 19 95
16 19 59
0 4 85
12 16 58
14 17 23
9 12 94
20 23 89
20 23 60
17 19 65
2 5 36
4 5 4
6 11 49
19 1 13
3 5 17
2 5 42
17 19 24
7 11 95
3 7 89
7 9 6
16 19 77
3 6 84
10 12 34
18 20 11
6 10 44
15 16 20
10 14 45
1 3 57
17 20 3
11 15 77
2 3 79
17 20 71
16 19 93
13 16 19
19 22 66
20 1 41
0 3 78
4 6 28
0 2 57
20 23 1
18 22 58
9 11 63
4 7 22
9 11 78
13 16 7
14 17 17
8 11 21
18 20 44
9 13 63
11 15 12
12 15 64
0 3 7
8 10 16
0 3 72
6 10 38
5 8 48
0 5 18
18 21 64
11 14 91
11 14 71
5 8 43
6 11 72
19 21 71
4 6 12
9 11 17
9 13 49
0 4 68
17 21 54
12 14 61
22 1 14
23 1 77
17 21 98
9 13 53
17 19 42
7 10 95
20 23 22
15 19 75
21 23 8
18 21 100
6 10 45
6 9 12
15 17 69
12 16 71
17 21 81
14 17 86
0 3 76
20 0 34
17 19 73
18 19 4
22 1 69
21 1 80
13 14 80
21 1 77
7 10 3
11 15 19
12 14 39
2 5 92
4 8 80
18 20 70
23 2 55
10 13 32
17 18 79
11 13 57
0 4 1
3 6 87
16 20 83
17 19 15
10 12 38
19 22 6
19 23 43
16 18 28
16 18 31
11 15 81
12 15 94
23 3 81
10 12 69
2 6 48
18 21 59
5 8 42
2 6 13
14 16 45
5 9 64
9 12 92
5 8 94
13 16 16
17 20 20
16 21 29
11 14 9
7 8 61
14 16 49
16 19 48
18 22 3
17 20 34
18 20 67
16 20 91
8 10 1
23 1 9
7 10 47
18 20 43
16 20 34
10 13 77
17 20 25
14 17 26
20 1 43
17 18 25
19 22 82
16 19 98
14 17 13
20 22 100
7 11 43
13 16 100
16 17 62
16 21 58
4 7 49
8 12 65
23 3 3
2 3 27
18 20 79
7 9 8
14 16 56
9 13 32
19 22 63
1 5 93
17 21 10
18 22 94
2 6 65
15 18 85
13 15 70
14 18 66
2 4 31
5 9 44
2 4 24
15 19 49
17 20 21
5 9 51
10 13 12
12 15 98
11 13 29
1 4 39
17 20 21
20 22 34
16 19 60
4 8 13
22 0 24
17 21 97
18 22 49
17 20 1
23 4 3
1 3 34
21 0 46
3 8 66
16 18 24
9 12 2
22 0 88
11 15 85
16 20 41
13 15 87
0 4 8
12 13 99
15 19 74
7 10 62
7 9 76
14 17 33
20 23 83
3 5 75
8 10 47
17 20 35
8 10 99
9 12 46
10 11 25
10 13 97
5 7 37
16 18 95
11 12 65
20 22 42
15 18 88
16 19 13
5 8 8
6 9 79
4 8 29
0 3 49
0 3 97
14 18 36
4 7 20
1 3 17
7 9 44
6 8 25
7 10 65
17 20 92
17 19 37
15 20 85
17 20 94
5 7 80
10 14 79
10 13 18
19 22 86
14 17 3
6 10 99
3 5 22
12 14 54
1 5 55
16 18 19
19 23 79
20 23 50
7 10 36
0 3 45
14 16 5
6 9 72
21 23 47
1 6 96
8 12 14
20 0 44
0 4 27
22 2 42
1 4 72
15 18 10
12 15 2
9 13 28
3 5 19
9 13 19
15 19 6
15 20 83
9 12 84
11 15 80
8 13 18
21 23 98
4 7 86
19 22 75
20 23 11
9 12 93
18 21 81
14 18 27
17 20 14
22 23 22
9 11 40
13 16 24
3 7 22
15 18 62
2 3 61
12 15 58
6 7 67
10 12 49
22 2 3
19 23 79
23 4 24
23 3 84
9 12 57
16 18 29
10 15 31
1 5 7
17 19 29
20 23 82
5 8 11
11 13 30
13 16 48
0 2 32
1 2 16
17 20 30
17 20 68
0 3 62
19 22 35
0 2 22
15 17 12
21 1 21
13 15 22
18 23 41
15 18 93
14 18 77
19 23 37
2 6 82
10 13 28
20 23 47
12 14 37
14 18 96
21 0 6
22 0 6
12 14 64
19 22 91
12 14 42
6 8 34
6 10 91
9 12 6
21 0 16
17 17 30
3 5 37
11 14 36
15 19 17
16 19 14
21 1 75
1 4 96
5 10 8
17 19 28
4 7 38
9 11 43
12 15 66
18 22 88
8 10 29
1 5 97
15 18 83
12 14 79
19 22 36
23 2 41
9 14 70
2 6 99
1 5 20
17 21 26
11 17 81
11 14 57
20 22 6
6 8 9
14 17 12
1 3 54
17 21 44
1 3 7
6 9 32
7 11 91
19 20 69
18 21 49
16 19 79
11 13 23
21 23 49
10 14 42
22 2 99
6 8 74
5 10 29
11 15 3
4 7 83
23 0 43
15 17 97
12 14 28
8 9 23
14 18 70
2 4 28
8 11 37
4 8 67
20 23 7
21 0 24
23 1 98
3 6 36
15 19 81
21 0 10
8 12 6
2 5 13
23 1 53
18 23 13
10 13 33
1 5 13
23 1 3
8 12 78
20 22 10
11 14 34
20 22 9
13 17 96
23 3 17
8 9 84
23 2 22
10 15 60
21 2 18
4 7 47
1 4 64
0 1 5
2 7 49
15 19 38
20 23 50
13 16 77
20 22 7
2 5 53
15 18 67
2 6 43
17 18 19
1 5 22
6 8 48
13 16 18
9 11 16
5 8 40
19 22 45
22 1 55
5 8 4
18 21 93
10 12 52
10 12 86
11 15 85
11 14 61
8 11 89
19 22 13
13 16 92
4 7 27
6 8 82
8 10 99
0 4 55
5 8 51
11 14 34
10 12 92
11 15 65
12 16 72
2 4 6
21 0 11
2 6 99
12 14 11
19 23 84
17 20 37
10 14 24
10 13 32
14 15 69
20 23 51
19 23 80
19 21 20
21 1 20
1 3 7
11 15 32
7 9 49
17 20 71
18 22 18
21 23 32
22 2 28
0 3 6
13 16 37
17 19 20
21 1 90
17 18 21
4 7 53
21 23 62
17 20 31
6 10 55
19 0 49
14 16 96
6 9 99
7 10 99
20 23 56
14 17 30
19 23 15
20 23 48
7 10 54
9 13 23
5 7 38
21 1 47
20 0 34
12 13 23
11 16 45
13 16 71
22 2 77
23 2 32
5 8 20
15 17 50
22 2 22
18 21 37
1 4 60
15 18 19
13 15 30
20 23 93
9 14 91
11 14 92
16 18 37
20 22 66
0 3 70
14 16 39
23 4 47
8 11 50
10 13 56
20 22 73
0 4 79
13 15 43
17 21 21
9 12 89
22 1 45
22 1 22
0 1 82
21 0 36
3 6 71
11 13 44
7 11 57
11 15 22
9 12 5
14 17 15
1 6 83
14 18 1
0 3 79
21 0 94
3 6 13
1 3 96
8 9 35
19 21 74
6 11 46
16 19 93
13 17 30
11 14 71
8 12 68
4 6 31
0 3 20
9 11 34
9 13 19
2 5 57
17 20 9
23 0 6
17 22 23
22 1 39
8 12 36
13 17 69
14 17 40
4 8 54
17 19 56
7 10 80
19 21 37
6 10 52
18 21 50
4 8 46
0 3 53
22 0 13
10 12 98
22 1 80
7 11 78
2 7 54
20 22 23
14 17 5
6 10 94
6 10 94
7 10 83
6 8 32
17 19 92
13 17 71
14 17 9
1 2 84
5 7 80
9 9 70
1 5 55
1 4 45
6 10 86
2 5 51
2 4 19
12 16 77
20 22 75
7 9 59
16 17 35
4 7 5
10 13 40
11 14 8
13 15 61
5 10 42
15 18 62
14 17 80
23 2 66
14 16 95
7 10 95
12 16 88
6 11 13
6 9 37
17 19 30
23 1 8
11 15 100
3 3 85
20 22 100
15 17 25
13 16 100
18 20 83
10 11 58
5 9 40
19 21 30
1 4 59
2 6 99
8 10 83
15 17 12
21 23 63
6 7 10
6 9 61
7 10 63
2 3 100
17 20 92
20 22 56
20 22 97
23 2 56
3 7 93
2 6 96
23 3 29
7 7 71
12 14 31
2 5 85
22 2 80
15 19 80
4 7 43
22 23 23
2 3 37
12 14 64
3 5 67
12 15 55
9 11 24
13 17 62
4 8 8
4 8 29
23 1 85
19 22 3
11 16 86
14 19 75
3 6 39
22 1 53
15 18 67
17 20 11
7 10 65
18 19 49
2 6 96
20 0 31
14 17 70
0 4 91
1 6 54
13 14 25
5 8 95
8 10 84
17 19 28
5 6 4
8 12 100
18 19 5
8 11 82
3 6 75
9 11 53
10 12 32
21 0 31
2 5 5
6 9 89
4 6 96
9 12 51
22 1 89
22 2 46
21 0 59
11 15 42
2 4 53
14 18 67
16 18 72
15 18 17
15 18 67
10 15 96
21 0 77
11 13 17
4 8 11
12 14 42
7 10 50
3 5 79
18 21 92
19 23 100
18 20 30
21 1 71
19 21 4
13 16 64
18 21 30
15 17 35
18 21 34
21 0 38
6 11 32
17 17 99
2 5 25
7 11 60
17 22 18
21 22 94
8 10 30
10 13 54
1 4 20
8 10 23
15 18 38
22 1 53
14 18 39
16 20 28
6 10 88
15 20 72
13 17 94
17 21 61
0 2 97
19 23 20
20 23 42
16 21 97
14 18 49
5 8 65
12 15 33
12 18 42
15 19 84
9 12 70
20 21 93
13 17 85
7 11 55
21 23 91
6 8 54
14 17 6
1 5 56
4 6 26
15 17 62
23 23 83
11 15 39
18 20 54
4 7 39
23 2 44
3 6 68
8 10 63
8 9 86
4 9 72
0 3 51
6 8 10
5 8 31
15 17 32
6 9 82
15 17 41
20 23 3
13 16 12
23 1 48
16 20 26
15 19 20
4 7 36
18 21 5
0 3 13
9 12 87
20 1 81
12 16 59
2 5 21
23 2 27
2 5 47
15 17 79
17 21 56
2 3 96
1 4 55
7 11 79
18 22 61
11 14 42
5 7 68
5 7 87
9 11 59
10 14 20
15 19 6
3 6 88
18 20 25
4 6 95
15 19 99
17 20 91
5 7 62
20 22 94
22 0 18
22 2 100
23 1 31
3 6 55
0 3 89
0 3 60
2 6 9
10 12 52
7 11 46
4 5 66
7 9 28
11 14 29
14 19 80
6 9 34
9 12 56
3 8 88
12 16 59
4 6 66
8 10 70
15 18 86
2 5 69
12 16 40
13 17 50
16 21 99
1 5 46
14 17 31
6 6 64
9 14 27
14 17 31
11 14 97
2 4 50
13 16 18
16 19 67
17 19 34
2 5 94
14 17 83
19 23 34
3 6 98
15 16 69
7 11 17
5 7 89
10 12 20
2 4 79
12 14 92
14 18 43
21 1 43
6 8 31
18 21 66
12 16 18
16 19 82
18 23 19
18 21 57
14 17 55
9 13 33
3 6 5
10 14 48
20 23 49
9 13 96
10 13 55
17 19 34
10 14 46
1 3 83
2 5 98
17 21 85
0 2 84
1 5 76
13 15 15
2 3 100
9 12 43
19 21 90
6 10 17
22 0 82
5 7 24
23 3 61
3 7 52
13 16 43
8 10 10
19 22 6
12 15 33
11 16 11
1 6 66
9 13 9
5 9 65
23 1 97
5 9 40
16 21 90
12 14 17
3 8 77
12 16 43
23 2 58
1 5 75
1 3 97
5 9 11
8 11 44
23 3 54
15 17 96
12 16 19
10 12 81
15 19 85
23 3 77
11 14 57
3 7 84
21 2 32
5 9 48
14 16 81
16 18 41
22 1 55
10 13 77
19 23 76
7 10 20
20 22 67
21 1 73
14 18 65
8 11 23
12 16 60
6 8 73
17 21 98
6 8 87
19 0 23
17 18 16
12 14 7
7 10 53
3 4 16
3 5 18
2 5 45
19 21 3
12 15 37
4 6 31
2 7 81
19 20 77
0 4 78
10 12 62
15 18 72
16 19 52
2 7 68
9 11 21
16 19 38
10 15 3
17 20 33
8 10 91
11 13 62
21 23 33
18 19 73
22 23 66
5 6 57
9 13 49
8 12 85
22 2 79
12 16 61
5 10 77
18 22 83
7 10 13
4 6 78
7 9 81
20 23 83
6 10 83
7 10 53
3 6 29
3 5 9
18 20 70
7 9 68
13 16 76
16 19 94
14 17 33
9 12 95
12 15 13
19 22 71
12 15 54
18 21 26
16 19 65
8 10 74
23 3 75
12 15 54
6 11 75
6 10 59
15 20 37
12 15 29
18 21 28
22 0 31
6 10 76
17 21 98
23 2 80
10 15 88
20 0 50
10 14 97
13 17 4
6 9 61
10 13 5
22 2 37
20 23 54
6 10 69
16 18 63
9 12 21
5 8 34
8 11 40
18 20 35
19 22 88
13 15 28
21 1 75
22 23 70
16 18 72
6 9 12
4 7 72
11 13 14
5 6 89
5 7 76
15 18 77
4 7 82
11 13 43
8 8 34
3 6 29
23 2 50
16 19 25
16 18 32
11 11 3
7 11 31
18 21 16
7 11 45
11 12 24
18 19 73
5 7 33
15 18 95
18 22 10
17 19 19
20 0 80
22 1 70
11 14 44
3 6 29
14 17 55
17 20 60
12 14 28
22 0 81
15 17 30
18 20 18
2 5 21
22 3 44
3 6 86
5 8 99
19 23 21
14 17 55
22 2 60
17 21 55
23 2 8
12 16 11
6 8 96
2 4 34
8 10 28
8 10 4
7 11 7
11 13 54
2 6 56
19 21 19
13 16 48
6 9 33
3 6 83
13 15 12
13 17 28
21 2 86
8 10 36
2 5 46
23 0 2
22 0 19
16 20 67
8 10 62
6 8 91
9 12 43
13 16 47
6 9 88
4 6 53
19 23 40
14 17 20
17 21 88
6 10 98
18 21 69
13 16 79
9 12 54
12 16 16
18 21 92
2 3 51
15 18 69
5 6 93
22 1 10
8 10 88
2 5 6
4 6 36
17 20 36
1 3 50
15 18 3
12 15 6
18 21 10
10 11 72
4 6 51
2 4 65
0 5 97
10 13 50
0 3 57
4 9 26
5 10 59
1 7 98
9 11 63
9 12 30
2 6 28
13 16 49
10 13 69
20 0 1
21 1 20
9 11 81
4 8 64
11 13 9
4 7 57
17 19 74
14 17 21
2 4 60
17 21 60
18 19 88
17 20 59
12 14 84
5 9 58
14 17 34
20 23 21
4 6 98
9 11 89
10 14 11
0 3 68
7 9 1
16 18 98
12 15 51
10 13 14
0 5 100
3 5 87
0 6 9
4 7 1
20 20 66
14 17 77
20 0 85
13 15 8
10 13 54
12 17 67
9 11 42
8 12 52
16 18 79
1 2 97
3 7 4
11 13 31
7 9 90
17 20 99
15 18 70
23 2 47
9 12 15
10 13 34
16 18 10
5 8 24
20 23 3
13 15 53
0 4 84
0 2 31
4 7 39
13 16 28
21 0 72
19 22 85
12 15 48
13 15 70
17 18 37
22 1 39
7 10 91
2 4 20
13 16 26
4 6 51
23 2 38
18 21 75
22 0 7
15 20 81
17 20 11
7 9 37
21 1 42
10 13 22
18 23 38
3 6 98
2 5 70
11 14 36
22 2 9
6 10 71
14 19 87
14 18 93
16 20 73
1 6 28
21 22 33
7 10 8
10 13 40
12 14 34
12 15 32
19 23 37
7 11 55
10 13 100
4 9 33
12 16 35
7 11 92
16 19 21
15 18 3
15 19 71
3 7 64
18 22 17
22 23 57
23 3 19
9 13 35
22 1 80
2 5 57
10 15 86
13 17 29
0 3 99
15 18 12
19 23 55
2 5 93
22 3 23
7 11 9
9 12 13
6 9 21
13 18 6
9 13 32
2 6 72
4 9 78
7 10 67
6 8 51
11 13 81
6 9 5
20 23 23
20 23 61
17 21 18
15 19 90
10 14 5
18 22 16
21 23 79
4 8 37
23 2 28
23 1 31
15 20 92
16 20 28
4 6 46
12 14 67
3 7 71
13 16 27
19 23 51
17 20 56
17 20 34
17 21 70
18 19 22
17 21 100
17 19 77
23 1 15
16 20 18
16 19 9
15 18 66
12 14 46
4 7 92
10 14 31
6 9 9
5 8 7
14 16 15
17 20 5
16 20 90
9 11 78
14 18 15
1 3 69
20 23 60
12 15 81
14 18 41
4 8 14
20 23 36
17 20 86
4 6 63
9 12 94
2 6 69
11 12 82
11 15 88
8 12 27
2 5 87
8 11 46
4 6 92
23 2 92
17 20 43
10 12 86
18 0 81
13 15 55
21 0 37
5 6 5
1 4 98
21 1 31
18 21 64
14 18 1
19 22 95
18 21 74
20 22 93
2 4 63
16 20 26
23 1 24
0 3 1
22 1 5
6 8 29
9 12 62
1 3 72
11 14 93
10 15 39
13 16 83
20 23 56
21 0 17
1 4 6
7 8 59
1 4 23
10 11 100
16 18 26
13 18 48
9 12 69
23 3 61
11 13 22
15 19 53
2 4 36
21 0 37
22 2 30
2 6 93
19 22 21
6 10 37
17 19 33
15 19 56
13 16 85
16 19 46
0 5 47
11 13 60
12 13 7
9 13 6
16 19 38
20 23 8
17 20 80
9 12 27
11 16 75
3 4 93
23 4 35
13 16 74
20 23 45
8 12 77
15 16 88
10 13 28
20 23 96
20 22 27
5 7 90
5 8 29
10 12 58
1 5 27
6 10 39
18 21 33
5 9 10
20 23 21
2 5 62
15 19 42
10 14 95
9 11 18
17 21 28
2 6 3
14 14 39
23 1 99
2 5 98
12 15 43
5 8 45
14 16 18
23 2 98
1 3 61
15 18 80
6 7 20
13 16 80
4 7 30
23 2 5
18 21 88
10 12 36
0 3 73
22 1 5
13 16 12
6 7 14
6 9 52
9 13 99
0 4 47
4 6 71
2 6 46
21 23 53
22 1 76
21 1 99
21 0 84
13 16 93
20 2 84
19 23 6
9 12 9
17 19 1
19 22 70
5 8 87
19 23 27
5 8 33
11 16 12
9 12 87
9 12 22
20 23 49
23 0 37
19 21 31
15 18 35
23 0 79
3 5 93
16 19 3
21 0 54
14 17 64
23 1 25
12 15 69
19 22 45
21 1 32
1 5 85
10 12 22
2 3 9
5 8 11
15 18 40
5 8 77
2 4 45
21 0 98
1 7 52
13 16 45
8 11 30
2 4 89
21 2 56
0 2 70
9 12 25
18 21 35
1 3 85
6 9 9
3 6 79
1 5 57
8 9 30
18 23 25
2 6 51
16 18 16
13 14 20
9 11 84
20 23 31
9 12 73
5 7 56
15 18 32
13 17 88
4 8 14
0 2 75
12 13 36
14 17 69
3 6 53
9 12 48
17 21 71
10 13 34
1 4 68
20 0 82
14 18 39
4 6 26
19 23 67
8 11 17
14 16 99
15 18 54
2 6 56
19 23 3
5 8 20
20 23 1
23 2 82
7 10 12
8 9 99
0 2 13
20 22 96
21 23 32
17 22 100
10 14 87
10 14 87
19 22 96
1 3 90
10 12 82
6 9 90
16 20 58
19 23 21
13 18 58
3 8 98
12 15 92
19 23 29
11 15 78
1 3 13
4 7 84
16 20 39
11 12 75
12 14 11
13 17 47
22 0 14
20 0 30
9 13 23
15 19 45
3 6 86
19 23 37
7 10 77
2 5 47
2 7 38
3 7 87
8 10 71
7 11 71
20 23 66
7 11 2
15 18 11
13 14 93
8 12 94
5 7 98
9 13 76
18 21 38
5 9 99
10 13 95
22 0 80
10 11 83
3 8 82
15 17 30
3 7 95
5 8 55
23 2 25
11 16 70
2 6 71
14 18 87
8 12 50
6 8 2
7 8 88
19 21 90
8 11 19
9 11 70
15 20 51
23 2 49
23 2 69
23 2 74
16 20 81
9 13 70
23 3 73
19 22 89
4 7 30
11 15 20
21 23 63
23 3 45
11 13 87
20 22 4
15 21 97
22 2 88
9 12 78
4 6 77
11 11 59
1 4 96
4 6 41
22 0 49
11 15 24
20 22 100
18 21 58
12 14 16
0 3 3
2 4 97
19 21 80
8 10 44
23 1 31
8 11 9
6 9 59
16 18 1
1 4 66
17 20 62
23 1 82
15 16 29
17 19 52
7 9 32
19 21 22
21 0 80
12 15 71
3 5 31
19 22 15
13 15 40
15 19 16
0 3 99
0 2 51
14 17 28
17 20 19
11 15 43
23 1 44
4 7 38
15 16 16
0 3 48
21 0 26
17 18 67
15 18 47
22 0 78
20 0 74
4 8 26
12 15 48
16 18 69
7 11 8
20 23 59
16 18 42
13 15 8
2 4 9
13 16 80
5 8 40
5 8 18
19 22 66
0 5 80
22 0 5
22 0 96
23 1 78
23 2 99
17 21 48
4 8 59
10 13 18
19 23 24
17 21 39
12 15 61
6 9 87
20 0 21
5 7 68
11 15 18
19 22 68
16 20 45
13 15 69
17 20 4
9 14 91
3 7 74
22 0 64
2 6 53
16 18 19
15 19 86
15 17 26
9 12 20
8 12 58
0 2 6
16 19 86
19 22 87
13 17 82
1 4 24
0 2 37
18 21 41
9 12 35
4 8 12
11 15 51
22 1 41
10 12 90
13 16 71
3 6 18
14 15 38
17 19 49
4 7 64
20 1 89
21 0 69
11 15 50
21 23 89
0 4 87
9 12 36
23 1 40
16 20 85
20 22 42
11 13 51
1 4 13
11 14 42
13 17 84
20 23 98
21 2 49
13 16 64
23 1 42
4 7 87
23 2 1
6 8 67
16 18 21
20 23 87
20 22 31
15 19 59
13 16 49
22 1 87
21 1 40
12 16 52
15 15 83
15 18 59
16 21 35
11 12 97
19 23 24
12 14 79
5 9 95
12 14 70
9 12 80
19 23 30
13 15 68
9 13 89
10 13 67
17 20 81
3 6 31
8 12 90
17 21 41
23 2 81
2 4 72
0 2 35
12 13 36
19 20 59
2 3 87
13 16 85
23 1 55
3 8 82
23 3 9
11 14 60
14 17 12
7 11 84
23 1 98
11 14 82
9 11 40
6 7 79
17 19 60
10 14 71
20 21 22
14 18 84
16 18 17
0 3 86
1 5 53
9 13 76
10 14 51
13 15 37
5 8 61
18 20 24
7 10 34
9 13 12
23 1 65
9 14 66
21 23 53
2 5 41
12 17 48
12 16 72
23 2 69
18 20 79
21 23 79
2 5 96
20 23 45
14 15 98
8 10 67
11 14 25
10 13 54
9 13 11
14 18 4
20 0 20
10 12 32
11 14 32
13 16 50
1 5 26
22 0 4
21 23 12
2 5 34
6 10 62
20 23 98
19 22 71
11 15 84
21 0 86
18 20 61
12 14 45
19 23 38
7 11 71
2 5 36
6 9 19
19 22 32
22 2 84
16 18 16
2 5 58
13 16 14
21 0 52
6 9 85
13 17 92
5 8 39
8 10 13
19 20 69
21 0 10
1 5 39
13 14 78
11 13 11
12 14 37
1 3 18
15 19 37
13 15 31
23 3 71
15 16 54
12 14 30
2 4 75
7 10 64
11 14 32
22 1 91
0 1 81
13 15 67
7 11 100
1 3 31
5 9 66
15 17 57
23 3 55
6 10 5
4 6 10
6 8 82
11 13 78
18 21 27
6 11 92
23 2 95
17 21 98
10 13 65
6 9 3
19 22 90
1 3 30
6 9 64
3 6 13
9 13 66
15 18 15
23 4 25
11 15 88
3 6 3
16 20 24
1 4 25
6 8 3
1 3 45
1 4 65
20 0 22
12 16 48
12 16 89
15 16 87
2 5 3
8 11 2
21 1 64
7 10 65
10 13 92
0 3 77
2 6 97
19 21 89
10 14 34
8 12 56
15 17 100
7 10 10
7 11 29
8 11 15
17 20 41
2 6 3
12 15 72
16 18 63
8 11 63
0 3 52
5 9 26
19 22 96
0 3 82
2 6 98
11 15 64
10 13 40
0 2 88
13 15 51
1 6 88
5 8 14
4 6 41
22 1 54
6 8 2
12 16 54
12 14 41
6 9 98
10 13 63
11 15 49
4 6 78
14 18 3
4 6 36
13 16 59
0 3 22
3 5 9
4 8 3
13 16 93
15 16 71
15 19 35
12 16 45
15 19 8
10 15 15
20 0 28
3 7 49
16 19 15
23 2 54
5 9 72
15 17 16
9 12 13
1 6 87
23 2 74
21 0 80
10 13 77
15 18 33
5 7 7
12 16 81
1 5 38
5 9 100
18 20 86
17 18 33
1 4 14
9 12 33
5 9 69
13 16 98
8 12 92
4 5 66
1 5 3
22 1 3
10 13 84
8 11 22
9 13 26
23 1 73
12 15 76
21 23 32
3 6 97
1 5 23
12 15 24
15 18 70
14 17 92
9 12 74
1 5 25
6 8 59
18 20 39
14 17 49
6 10 46
8 10 80
9 12 17
22 0 56
5 6 18
13 13 93
12 14 12
3 6 81
15 18 2
23 2 67
4 6 43
2 6 6
18 20 48
10 14 90
7 9 30
21 0 80
21 23 76
19 20 49
1 5 13
20 22 91
21 1 54
6 8 87
0 4 33
4 6 44
2 4 21
2 5 82
8 10 71
23 2 13
4 8 97
20 22 30
2 6 89
4 8 24
3 7 48
7 11 63
6 9 17
10 12 15
0 3 4
0 3 27
16 20 96
5 8 28
11 14 56
0 5 79
0 4 62
6 8 10
23 3 44
9 13 12
21 0 35
10 13 35
5 9 50
12 13 79
13 15 14
15 19 66
5 9 67
8 12 57
12 15 78
9 10 94
9 12 47
5 7 37
22 2 33
17 20 77
9 11 1
23 2 97
16 19 63
1 3 52
14 18 7
1 4 11
5 9 69
11 15 21
2 4 1
6 10 48
21 22 22
4 6 76
19 23 63
22 0 7
18 21 10
11 14 81
20 23 52
7 10 68
1 5 56
17 21 63
8 10 97
8 10 90
6 9 20
4 4 37
13 16 25
6 9 20
17 20 37
11 14 69
13 15 76
1 5 5
2 5 71
22 23 82
16 18 48
0 3 93
4 6 55
5 9 33
21 0 47
3 3 37
10 12 17
23 2 9
22 1 24
19 21 95
7 10 14
14 17 28
17 22 62
12 15 72
2 4 59
23 1 13
9 15 80
15 18 61
7 10 89
7 10 53
0 3 60
22 1 25
4 8 30
12 14 48
23 2 30
0 4 63
0 4 45
19 21 61
12 14 48
12 15 92
5 9 49
2 3 73
5 7 35
14 17 47
7 11 44
14 16 70
1 4 55
18 22 40
0 4 33
13 17 42
1 3 96
15 20 16
8 12 7
14 19 71
11 14 66
8 12 15
1 5 95
0 4 73
16 18 79
22 3 75
14 19 41
11 13 41
21 0 58
7 10 49
13 15 71
20 0 85
10 12 27
20 0 19
22 1 92
19 21 89
11 13 24
8 11 25
2 6 97
16 19 24
7 11 90
4 5 11
0 1 81
18 20 28
2 5 19
17 20 68
11 13 10
18 20 72
15 18 53
0 2 97
1 3 46
1 3 64
13 16 60
21 2 48
0 3 96
21 22 33
22 0 74
10 16 66
9 13 51
5 8 78
1 2 13
6 9 89
0 4 35
22 3 95
9 11 25
5 7 81
16 19 16
7 8 20
14 18 34
11 14 60
16 20 13
10 14 29
23 2 6
6 10 62
2 5 97
12 15 54
5 7 60
17 20 33
20 23 50
22 2 76
22 1 97
3 6 28
7 10 70
9 11 31
23 2 21
23 1 94
19 22 43
23 1 2
13 15 24
22 0 84
6 9 98
22 2 53
1 3 54
5 10 24
19 23 20
0 4 49
1 4 79
14 18 49
16 19 60
19 22 31
22 1 58
8 10 15
15 19 9
0 3 32
21 1 14
22 0 17
5 9 17
7 9 23
16 21 78
11 14 84
7 9 34
3 7 59
0 2 7
16 21 1
17 20 42
6 8 34
23 4 47
4 8 36
12 15 64
6 9 62
5 9 81
2 4 29
7 10 29
21 0 49
11 13 60
17 20 69
6 10 34
9 12 41
17 20 24
18 20 16
20 0 52
3 7 17
12 16 2
1 8 71
9 11 73
19 21 20
17 20 82
10 13 49
5 8 39
18 23 49
14 17 30
8 11 21
11 13 95
10 13 28
0 3 71
15 19 79
14 17 74
11 14 95
11 13 67
6 8 14
16 19 60
2 5 86
0 3 67
3 6 64
13 16 82
1 4 80
5 8 77
9 12 67
6 8 28
6 10 34
0 3 31
7 11 8
13 17 82
18 21 22
1 4 45
15 17 70
0 3 39
4 8 68
16 19 87
14 17 93
6 9 40
3 7 96
1 4 89
16 18 22
22 1 13
16 20 12
8 10 30
5 9 15
11 15 20
18 21 59
23 1 59
5 8 15
20 1 17
21 1 4
17 21 66
17 21 87
23 2 52
17 20 86
8 10 51
23 2 61
13 17 15
19 21 84
11 15 94
8 12 48
10 14 44
16 19 8
18 19 24
7 9 26
10 14 63
23 3 34
6 8 1
22 3 80
11 12 81
4 6 98
16 16 19
19 21 47
2 4 5
19 22 6
10 12 51
19 22 33
23 1 11
8 11 90
2 5 60
6 10 9
22 1 65
1 5 28
17 21 93
21 0 51
11 14 30
15 18 90
21 23 67
1 4 27
21 23 33
23 2 4
10 15 83
11 12 53
6 10 39
13 16 18
20 21 20
18 19 93
21 2 13
15 18 39
10 14 86
16 20 47
5 8 94
9 12 65
19 22 85
5 7 59
12 15 84
20 23 68
18 23 75
5 8 55
15 20 97
6 9 75
5 6 63
6 9 12
17 21 31
19 22 46
3 6 65
14 18 72
6 8 4
8 10 87
20 0 51
7 11 84
21 0 19
5 7 62
6 8 58
13 15 80
13 15 45
19 21 76
9 12 64
14 15 10
2 5 59
2 4 71
11 15 33
0 2 29
9 12 66
15 17 16
2 4 23
9 12 48
17 19 39
16 20 3
20 22 80
11 14 29
5 9 41
15 20 22
15 18 75
6 11 26
2 5 69
18 20 95
0 3 68
3 5 12
12 14 13
12 15 43
13 15 24
9 13 90
8 11 64
16 17 36
17 20 54
3 6 98
11 13 8
12 15 12
16 21 19
4 5 72
21 23 93
0 4 25
0 3 94
8 10 81
6 8 100
1 3 46
9 13 74
2 4 83
22 1 88
16 18 90
21 0 56
13 19 5
15 18 6
21 23 73
15 20 78
5 9 9
23 3 54
14 16 30
17 21 31
3 6 93
21 0 18
13 17 8
8 10 20
19 23 23
10 13 46
19 22 59
23 0 72
20 0 72
14 16 58
20 23 27
5 10 40
6 9 96
18 23 16
12 15 45
22 1 2
8 13 21
8 11 36
17 20 6
18 21 80
9 13 52
2 4 75
19 22 93
19 1 56
11 15 47
22 0 94
10 12 97
10 11 41
8 11 93
10 12 92
1 4 71
13 15 66
22 0 82
20 23 73
10 12 90
7 10 72
21 0 44
15 19 87
7 11 70
20 23 20
10 14 41
0 2 20
23 1 83
0 3 83
20 23 37
10 13 19
9 12 18
15 19 96
15 18 34
7 10 84
15 17 55
12 13 36
12 15 45
17 20 97
17 22 18
13 15 96
21 22 45
2 4 92
13 16 57
9 11 37
6 10 88
13 18 81
3 5 99
0 3 78
9 14 51
23 1 1
15 16 97
9 12 67
22 3 56
12 16 35
11 15 34
18 21 55
13 16 90
20 0 17
8 12 38
0 2 37
6 10 44
6 11 92
12 15 61
16 19 72
2 5 20
21 23 76
14 19 27
2 4 17
22 0 89
7 9 38
13 15 100
12 15 71
18 20 5
10 12 54
12 17 14
11 13 20
18 22 98
17 19 85
10 14 93
0 3 72
16 18 23
6 8 61
16 19 89
20 23 71
20 0 68
5 8 28
22 2 16
0 3 24
10 14 54
19 23 42
21 23 7
10 13 20
18 21 50
8 12 55
19 21 62
23 3 64
12 14 92
12 14 40
19 23 87
11 14 99
21 22 5
0 3 95
20 0 77
7 10 82
18 19 73
17 19 61
8 11 95
15 18 89
15 18 78
11 14 47
2 4 100
23 3 43
12 16 51
21 22 36
4 7 92
4 5 59
13 18 45
5 8 1
23 2 84
8 10 86
3 7 44
4 5 4
9 12 39
23 2 75
22 0 29
19 22 58
10 13 17
5 8 81
6 8 19
5 8 1
2 4 44
21 2 64
12 13 72
21 0 64
15 18 58
21 23 72
21 23 81
11 13 7
20 22 48
11 14 33
21 0 64
20 23 95
11 12 16
11 13 83
5 9 15
10 13 77
15 15 57
9 10 53
17 19 12
15 16 73
9 13 17
12 16 54
16 19 64
17 21 24
16 21 22
17 18 24
12 16 51
21 22 100
23 2 26
8 10 76
20 21 45
7 10 96
14 17 95
7 10 39
17 19 72
10 14 92
9 10 30
10 14 60
14 17 71
13 17 91
4 7 2
13 15 90
3 5 63
6 9 42
16 20 22
5 9 47
3 6 75
6 11 30
8 11 93
17 19 58
8 11 64
4 8 11
18 19 73
23 1 82
11 14 21
8 11 63
12 14 27
2 6 6
3 7 58
16 19 96
17 20 22
23 3 97
19 21 53
9 10 25
16 19 72
12 15 98
0 3 14
6 9 10
9 11 92
23 3 13
20 23 33
23 1 18
16 19 21
10 14 27
0 3 63
8 11 38
8 12 97
17 20 83
8 10 7
1 5 47
17 18 47
19 21 69
6 8 70
10 13 25
10 12 90
1 3 66
18 21 60
19 20 76
0 5 67
13 15 9
8 11 13
14 18 67
1 4 35
6 9 11
16 19 37
14 17 34
5 7 84
20 23 2
15 19 23
11 14 69
16 19 28
3 6 30
16 19 98
22 1 85
5 9 34
5 8 93
0 1 80
9 11 7
13 16 82
17 19 11
13 16 55
6 8 30
6 10 56
20 22 53
7 10 25
11 12 51
15 19 63
14 17 60
6 10 36
6 8 92
17 19 53
14 18 42
20 22 66
18 20 85
14 19 53
7 10 69
11 14 8
5 8 48
9 14 97
1 4 44
4 6 81
19 21 34
1 5 31
23 1 13
13 18 64
2 3 5
4 6 50
11 14 88
9 13 38
18 22 2
12 14 17
2 5 4
18 21 53
11 15 24
8 12 14
7 11 79
23 1 74
22 1 35
13 17 13
13 14 81
20 0 55
20 22 18
12 16 69
10 12 51
0 2 69
4 7 60
18 23 9
14 17 32
18 21 97
13 15 47
10 14 89
18 20 50
18 20 76
5 8 96
22 23 65
8 10 46
6 11 56
22 2 6
13 15 97
16 20 80
14 18 80
15 18 6
2 5 82
13 17 58
12 14 98
10 13 91
20 1 15
23 2 5
6 9 3
5 8 38
3 7 87
22 2 29
7 10 37
19 22 33
23 2 1
4 7 47
6 10 97
12 15 55
12 15 17
4 6 47
18 21 86
17 20 99
20 0 2
15 19 14
10 15 70
11 15 56
8 10 82
13 16 94
7 10 55
15 19 45
5 8 98
12 17 31
15 19 72
23 2 89
21 23 17
13 15 25
14 16 56
15 20 49
21 1 47
16 19 17
7 11 63
13 17 50
13 17 31
1 4 60
4 8 3
18 22 25
20 23 30
16 19 92
5 9 50
12 15 33
0 4 56
4 6 53
19 23 90
2 5 70
20 22 26
5 8 69
17 21 63
18 22 1
0 4 73
3 6 28
3 5 24
1 4 54
16 19 86
6 9 3
10 13 93
10 15 81
6 11 77
0 5 34
4 5 20
7 10 90
0 2 62
9 11 35
21 0 2
12 15 97
17 20 4
7 10 71
6 10 86
4 7 25
21 23 60
5 9 87
2 5 75
20 0 10
4 7 67
14 17 49
12 15 26
13 17 17
2 6 45
11 12 59
17 21 99
4 7 50
19 21 92
5 8 67
2 5 89
23 1 7
8 10 13
9 13 62
14 16 51
0 3 90
13 14 64
15 17 58
1 4 54
2 6 99
8 10 27
20 22 2
1 4 26
6 7 16
11 13 92
17 20 9
14 16 76
7 11 16
18 21 3
20 0 70
23 2 1
16 18 72
13 17 26
9 11 5
22 0 50
8 9 100
8 11 84
21 0 16
18 21 86
0 5 72
13 17 16
18 21 91
18 21 72
15 18 20
12 15 46
18 21 78
17 21 81
2 4 60
15 16 34
13 16 38
14 15 66
22 2 16
22 3 98
11 13 6
21 0 46
17 19 78
9 14 12
5 8 80
6 9 28
9 12 10
21 21 37
12 15 89
20 22 25
22 1 15
12 15 41
22 2 80
3 5 83
19 22 18
19 22 87
22 0 90
1 4 45
8 11 16
11 15 100
8 10 92
6 11 99
1 3 87
8 12 42
9 11 7
20 23 17
14 17 63
11 14 31
14 16 5
5 8 59
14 15 9
15 18 42
13 16 53
1 5 85
9 11 66
6 8 69
12 16 92
7 10 91
13 16 42
11 13 92
8 11 98
20 1 82
1 3 85
19 22 80
2 3 6
10 13 99
11 14 68
19 22 28
5 7 42
1 4 48
9 12 17
8 11 56
9 12 96
16 19 37
16 18 46
17 18 8
18 21 14
19 22 88
8 11 44
6 9 16
8 11 20
12 18 40
19 23 38
19 23 86
17 21 39
9 11 3
23 1 80
10 13 50
22 2 29
12 15 2
10 14 9
15 18 30
16 20 14
21 0 50
21 23 8
15 18 28
6 10 72
14 17 97
21 23 69
17 19 92
11 12 35
18 19 11
15 20 30
6 9 9
3 6 12
19 21 10
5 8 25
0 3 10
21 2 38
2 5 63
1 7 67
3 7 61
22 1 4
17 19 50
15 18 60
1 4 10
3 5 56
7 10 73
9 11 45
23 2 81
22 1 91
18 20 41
14 17 14
20 22 85
2 5 78
4 8 33
4 8 31
12 14 41
18 19 2
21 0 87
20 0 57
0 3 36
6 10 6
23 2 86
11 14 29
3 8 25
15 18 92
9 11 68
18 21 52
6 8 21
5 7 62
0 3 8
5 7 67
16 18 69
4 6 1
10 13 26
15 18 93
20 22 4
7 9 32
11 13 43
8 12 71
8 10 65
13 15 97
5 9 1
23 2 100
19 22 100
15 18 25
7 11 12
22 2 98
21 2 80
15 19 1
11 14 9
12 15 48
1 3 76
0 3 43
19 22 62
21 2 59
1 3 57
13 18 73
6 8 83
0 4 25
4 6 83
11 13 35
21 23 52
21 22 40
5 9 79
5 8 44
20 23 31
1 4 81
21 23 66
1 3 22
9 11 53
12 16 41
16 19 22
23 2 59
3 7 75
11 14 12
19 22 4
7 13 55
10 14 60
19 21 79
19 21 62
0 1 16
1 3 16
18 21 59
0 3 36
23 2 62
20 23 61
12 15 23
14 19 25
21 0 70
18 21 35
12 15 65
22 0 39
11 15 51
16 19 36
4 9 71
7 9 95
13 18 27
5 9 60
21 22 15
0 3 56
7 10 55
17 21 5
19 1 76
3 5 98
5 7 8
1 6 12
23 2 22
18 20 82
13 17 79
2 6 3
18 22 78
17 19 2
8 11 45
11 16 41
18 21 50
17 19 77
20 23 51
23 3 9
9 13 49
10 12 77
20 0 16
19 22 6
15 18 24
15 17 71
1 6 74
23 1 74
13 16 98
20 0 83
8 12 67
17 20 75
13 16 35
8 11 37
3 7 28
3 5 71
17 19 32
22 1 71
17 18 3
16 20 94
14 17 95
13 15 99
13 16 8
2 5 2
18 21 2
5 9 71
21 0 27
17 21 69
22 2 81
4 7 12
2 4 78
5 8 21
14 17 100
16 18 49
22 1 25
23 3 99
19 23 9
4 7 86
1 4 94
8 10 71
2 5 43
23 2 90
14 16 33
23 3 97
5 9 1
21 23 81
11 14 43
20 23 47
23 2 51
7 11 6
3 6 77
23 2 15
11 14 30
20 23 65
20 23 6
8 12 27
15 19 2
6 10 37
20 1 8
16 18 16
5 8 30
22 1 94
18 21 27
21 0 28
5 7 37
11 13 85
4 7 55
23 3 74
6 10 14
21 0 51
6 9 45
14 17 99
9 12 21
11 12 34
13 17 83
10 13 40
9 11 75
10 13 69
16 21 53
11 15 33
10 12 59
22 0 28
0 4 37
14 18 41
18 21 83
1 3 66
7 10 18
11 13 63
13 16 33
23 3 38
21 1 9
15 18 84
21 1 30
6 10 98
3 6 43
23 1 92
5 9 43
10 12 55
9 12 64
11 13 1
0 3 81
5 8 60
13 16 52
22 23 45
12 14 18
14 17 62
5 8 91
20 23 23
19 23 63
10 13 4
5 9 14
19 21 76
13 15 93
3 6 25
3 6 41
2 5 90
21 0 3
1 3 18
3 5 94
15 19 53
16 19 99
21 0 87
2 4 96
17 19 36
12 13 31
0 2 33
1 4 68
11 14 41
8 11 43
0 3 68
23 2 92
23 3 7
6 10 94
22 1 93
2 4 29
17 21 21
22 1 46
1 3 1
9 13 20
2 4 41
4 7 84
8 10 12
2 4 75
1 4 68
7 12 27
3 6 97
23 2 96
17 19 16
14 17 72
18 21 60
20 0 16
4 8 26
10 13 74
13 15 66
0 3 22
22 23 65
18 19 27
23 1 91
23 2 89
10 14 74
9 13 79
12 15 12
14 16 53
2 5 30
4 6 100
1 4 90
2 5 34
16 18 77
15 18 85
19 23 89
12 15 37
16 19 38
8 12 32
12 15 33
4 9 81
12 15 5
23 3 56
0 3 72
22 23 11
15 19 89
11 16 42
19 23 59
17 20 12
2 5 54
22 1 7
13 17 44
3 5 8
18 22 74
4 7 85
23 1 27
20 0 80
6 10 85
23 3 78
2 6 49
20 23 46
7 11 73
9 13 85
22 2 20
16 19 55
9 12 98
21 2 54
10 12 37
16 19 39
20 22 40
16 19 53
14 17 9
6 10 27
12 15 99
0 3 4
5 8 29
6 9 84
10 14 43
12 15 78
13 16 33
2 4 15
18 19 17
12 15 71
14 16 61
7 10 6
22 1 19
10 11 57
3 6 30
5 8 62
6 10 57
21 0 9
17 20 83
15 18 73
0 4 89
20 23 2
23 2 17
14 18 81
11 13 25
2 5 31
19 22 60
0 3 97
11 15 11
22 0 96
20 23 66
0 3 77
15 18 92
20 23 56
15 17 85
13 16 94
23 1 32
22 0 27
21 0 24
9 13 69
2 6 86
1 2 4
7 9 3
18 21 8
19 21 83
10 11 5
16 21 65
17 21 47
9 11 39
12 14 31
14 17 28
8 10 76
9 13 74
7 12 90
0 2 12
9 11 47
14 17 80
9 13 31
22 3 36
15 17 95
6 10 100
15 19 73
7 10 53
22 2 65
9 12 40
5 7 54
5 6 58
9 11 38
17 21 90
2 6 79
0 3 52
3 6 78
0 4 93
7 10 70
9 12 75
14 19 20
15 20 65
3 4 100
2 6 76
19 22 14
19 22 35
5 9 69
12 15 5
15 17 39
7 10 55
6 8 33
17 20 15
4 8 22
2 7 5
5 10 99
8 11 62
16 17 43
14 18 41
9 11 99
3 6 70
11 14 95
9 13 83
21 23 3
19 22 13
8 10 98
9 11 29
12 15 1
7 10 67
10 14 39
0 3 13
9 11 13
19 23 69
0 3 15
17 20 49
19 21 69
11 13 94
19 23 87
13 17 6
8 12 61
20 0 43
5 7 37
20 23 69
11 15 7
17 20 22
16 19 32
10 13 60
0 3 51
13 15 13
15 19 36
16 19 12
12 14 33
5 8 19
5 6 85
20 22 51
14 16 67
20 23 31
2 5 82
4 8 54
2 4 27
0 3 27
3 6 59
13 17 84
4 7 38
8 12 73
6 10 88
9 13 99
0 4 80
10 14 24
20 1 16
0 3 79
19 23 50
6 6 18
7 10 83
12 15 6
19 23 49
14 16 50
7 10 87
1 4 10
22 2 35
16 20 25
16 19 4
22 0 75
7 11 32
23 2 79
19 21 82
23 3 50
16 18 34
12 14 49
22 23 68
21 0 74
16 19 72
17 20 85
17 20 11
13 16 48
11 13 78
2 4 9
18 21 65
18 20 6
12 16 10
16 18 86
14 17 8
16 19 27
22 1 26
20 23 56
22 3 49
9 12 17
6 9 42
15 17 33
4 7 89
17 19 35
16 18 49
9 12 57
14 17 65
21 1 43
19 23 77
1 4 92
7 10 5
20 23 64
23 3 83
1 5 33
20 23 15
3 5 61
9 12 76
20 23 44
20 22 69
6 9 70
9 13 90
16 18 43
14 16 24
6 7 28
10 14 74
17 20 100
14 17 86
8 12 73
21 23 36
19 22 31
17 20 54
13 15 54
3 6 47
8 10 70
6 10 86
5 6 63
23 3 52
5 8 79
2 5 4
23 5 25
8 9 59
19 21 13
20 0 49
8 12 35
12 16 65
20 23 99
16 20 47
17 19 23
7 10 48
20 23 34
18 21 3
11 16 26
19 22 70
23 2 10
23 5 27
8 11 84
1 6 53
16 18 93
13 18 98
20 23 27
22 2 37
13 16 86
14 17 22
22 0 100
7 10 17
22 0 13
16 19 32
16 19 83
21 2 13
15 18 46
2 5 25
22 1 30
14 17 2
5 8 32
8 12 46
12 16 16
12 14 71
17 20 23
20 22 56
13 16 9
4 6 13
18 20 62
3 6 46
1 4 66
19 23 49
21 1 80
0 1 3
1 3 24
11 14 88
5 10 88
16 20 94
0 3 51
13 16 99
3 5 72
5 8 91
23 2 60
16 20 63
18 23 64
21 0 88
17 21 4
17 19 54
21 1 81
9 11 62
10 11 40
15 18 100
0 3 69
12 15 57
6 8 40
18 22 84
6 10 71
20 23 14
12 15 84
1 3 95
18 20 58
10 12 23
15 19 71
4 8 24
20 0 25
21 23 21
18 21 67
18 21 39
8 10 32
20 1 100
20 0 27
1 3 68
17 20 83
13 15 95
10 11 98
1 6 56
12 15 81
3 8 91
20 23 78
18 19 3
22 2 41
6 10 20
7 9 19
17 20 4
17 20 10
15 18 76
10 12 66
12 15 83
3 4 89
6 11 88
15 18 50
22 1 71
16 18 28
7 7 87
10 11 10
14 16 91
10 15 25
21 1 23
6 9 43
17 21 59
20 23 21
13 15 69
10 14 25
23 2 35
10 12 45
23 2 23
1 4 14
20 23 7
3 6 9
10 13 53
1 5 80
1 5 66
18 23 2
1 4 15
4 8 90
11 13 90
0 3 62
12 14 73
4 5 21
11 16 46
21 23 40
20 0 66
22 0 80
0 3 65
13 16 82
2 6 36
19 20 100
22 1 73
7 10 65
1 4 14
0 4 47
23 1 85
0 3 45
15 19 94
5 8 62
5 8 82
20 21 58
13 16 65
21 0 59
12 13 1
18 21 76
0 3 21
5 8 31
0 2 63
6 9 62
15 19 30
3 8 4
23 1 15
9 13 24
5 6 74
6 8 34
4 8 58
9 10 31
6 9 13
13 15 70
11 14 100
18 21 76
2 6 58
0 4 51
6 9 36
18 22 86
20 23 56
13 16 43
21 0 68
9 11 28
17 20 29
9 13 70
13 16 13
12 14 56
16 20 5
4 6 49
4 7 31
2 5 28
12 16 4
19 21 5
6 10 40
23 1 62
22 3 48
13 16 83
14 16 58
11 14 2
23 1 50
19 23 5
11 15 63
10 12 57
18 20 66
5 8 57
21 0 85
21 0 80
9 13 50
14 16 1
0 3 73
5 7 73
16 17 65
7 11 76
12 17 98
16 19 56
19 21 7
5 9 92
17 21 7
14 16 63
23 3 7
21 0 42
4 7 37
12 16 11
7 12 57
9 13 3
22 1 66
17 20 54
6 8 40
1 4 56
2 6 88
16 17 40
11 14 42
17 21 41
22 1 95
4 7 5
6 8 76
10 13 67
23 1 79
21 23 92
18 20 86
11 13 22
9 11 19
9 12 62
11 13 9
9 10 68
12 16 13
5 7 22
7 10 83
15 18 13
19 23 87
8 12 78
1 5 75
15 18 83
23 3 78
6 9 92
16 21 92
17 20 85
10 13 75
21 0 2
6 10 13
4 8 96
18 21 98
13 17 54
11 14 6
21 23 10
10 14 13
3 7 69
9 12 100
19 22 92
2 5 96
11 14 25
23 1 54
11 16 62
23 0 51
13 16 50
20 22 7
8 11 37
6 9 38
5 9 84
23 0 39
0 2 60
15 19 27
7 11 90
17 22 26
1 5 81
6 9 66
16 20 45
20 23 9
18 21 32
10 14 17
19 21 54
7 10 80
9 12 88
2 6 81
20 22 38
7 12 33
22 1 3
15 19 28
12 15 55
21 23 69
2 5 44
6 11 48
7 10 31
9 11 92
20 23 82
13 16 58
9 12 79
21 0 93
7 8 16
2 6 35
14 17 71
11 14 67
16 18 8
21 1 44
4 8 22
12 14 79
13 16 62
2 6 79
0 4 88
7 10 81
21 0 19
13 15 65
1 5 86
5 6 25
20 0 56
10 13 70
8 12 80
10 14 74
4 6 48
3 5 38
2 6 79
15 17 53
13 17 58
23 2 17
7 10 96
4 7 89
3 6 58
18 21 48
20 23 31
16 19 46
6 10 12
0 2 99
11 14 38
20 23 84
3 7 59
9 12 90
11 13 72
4 8 17
22 0 64
3 5 33
3 6 95
7 11 25
4 6 72
1 3 47
5 8 2
3 5 46
10 13 91
1 4 86
0 4 81
16 18 70
15 17 38
8 13 49
21 1 84
20 0 2
19 22 48
11 14 66
15 16 54
17 19 100
12 16 77
20 1 10
1 3 64
10 11 8
3 6 55
5 7 62
13 16 37
4 7 39
11 15 85
14 17 63
16 19 40
10 14 88
9 12 74
3 5 80
15 18 33
13 16 74
12 14 39
10 14 13
11 15 80
11 14 13
13 15 36
10 13 71
12 17 23
0 5 39
20 23 58
5 8 58
6 11 36
0 2 67
11 13 64
12 15 61
11 14 71
11 16 81
14 19 48
23 2 45
20 23 16
20 1 53
5 6 19
13 16 94
11 14 20
7 11 5
10 13 69
9 11 52
21 1 5
13 17 92
11 14 93
1 2 25
9 11 23
1 4 93
9 12 92
6 9 89
16 19 19
7 10 1
6 9 31
19 21 59
6 8 13
10 12 44
3 6 25
23 0 64
7 10 46
20 0 92
20 22 61
2 5 24
13 14 66
10 13 48
21 23 86
2 4 75
8 13 41
18 21 6
1 3 94
3 8 6
20 23 62
20 23 3
7 11 51
10 12 81
17 18 34
9 12 6
5 9 85
15 19 88
20 23 13
1 5 58
8 11 84
22 2 33
13 16 47
14 16 95
20 1 11
9 11 78
22 1 55
22 1 96
15 19 29
5 9 54
11 14 85
4 8 28
14 18 33
20 0 65
5 9 33
21 23 100
13 15 97
6 9 3
8 11 87
4 9 16
21 1 96
5 7 29
21 22 86
17 19 59
15 18 41
7 9 66
12 15 95
3 5 59
11 15 79
7 11 68
0 2 45
23 3 63
23 3 89
5 8 94
17 20 65
6 8 63
18 21 4
8 11 82
1 2 79
0 5 88
14 16 12
7 11 63
1 3 69
23 3 24
14 17 17
17 20 83
5 8 40
10 15 20
20 22 34
2 5 95
14 18 99
20 21 75
15 16 86
6 8 24
20 0 11
22 3 50
13 15 39
20 23 41
7 11 98
4 6 24
6 9 83
6 10 31
8 11 98
7 11 13
0 3 42
23 1 7
12 15 98
13 16 94
14 17 38
2 4 99
15 18 70
22 0 53
10 12 31
7 12 25
9 13 32
4 6 35
8 11 92
3 6 52
2 5 38
21 0 76
14 16 39
18 21 81
11 13 90
10 14 88
12 15 5
14 16 16
19 0 14
22 2 86
5 8 85
8 10 31
12 14 71
4 6 73
6 10 68
23 2 91
8 11 62
3 6 94
14 17 79
8 13 64
18 23 45
2 7 44
17 19 37
23 0 62
7 11 57
11 13 3
9 13 97
8 10 95
8 11 63
23 3 14
14 17 69
5 6 40
22 2 85
13 17 86
2 6 29
23 2 21
18 22 62
13 16 40
16 20 62
23 3 77
12 14 11
21 23 92
21 23 2
10 13 8
6 10 71
12 14 45
4 5 84
12 16 85
8 11 1
9 12 67
22 0 99
9 15 2
7 10 88
0 2 5
12 16 97
22 1 41
10 12 30
18 21 99
14 16 11
21 23 36
13 16 20
22 22 85
4 7 7
21 23 16
8 12 29
23 1 34
6 9 19
4 6 55
17 20 16
12 15 8
17 20 15
22 4 88
17 18 41
11 14 80
8 13 33
10 12 59
10 14 97
7 10 48
17 21 70
11 14 87
9 13 83
8 9 63
22 2 85
5 8 74
3 7 25
1 4 16
1 5 79
7 11 31
14 15 11
9 12 48
2 5 78
8 10 59
2 4 62
0 3 96
11 14 87
11 14 45
5 9 31
23 1 48
0 4 74
11 14 27
5 6 94
19 23 68
1 4 38
8 10 1
17 19 72
8 11 90
5 7 77
21 0 23
21 0 16
1 4 73
11 15 11
14 16 28
6 10 31
10 13 21
9 11 14
15 16 29
19 23 35
9 11 95
22 2 39
22 3 17
0 1 61
7 10 57
15 16 11
22 2 96
19 23 49
0 2 27
3 6 8
1 3 2
18 22 1
16 19 39
19 22 93
0 3 75
12 14 6
22 2 65
21 0 63
9 12 22
16 18 35
13 16 82
17 19 2
11 14 46
14 16 23
10 14 39
7 10 1
15 18 77
23 1 64
15 20 35
9 11 49
1 3 39
2 5 52
3 6 55
21 23 72
8 12 74
6 10 25
22 0 27
19 23 97
10 12 8
8 11 94
19 22 43
18 22 55
23 4 63
21 0 24
21 0 95
2 5 82
13 16 13
14 16 80
4 7 96
12 15 45
23 2 49
23 2 45
7 9 3
2 5 26
19 22 74
7 11 24
13 16 47
11 15 85
6 10 48
8 9 3
7 12 35
23 0 90
23 2 33
13 16 88
8 14 94
21 1 83
0 3 19
14 18 14
0 2 49
7 10 5
22 0 36
11 14 74
3 8 8
15 18 18
1 4 59
19 21 98
2 5 96
15 17 78
9 11 26
14 17 14
22 2 62
7 11 66
16 19 76
6 10 73
14 16 7
13 17 13
20 23 70
23 2 12
14 17 86
7 10 72
1 5 16
4 5 5
0 4 6
22 0 56
14 18 58
5 7 75
15 19 93
14 17 99
2 5 40
3 6 16
14 18 27
17 21 40
8 9 65
10 13 43
17 19 95
10 14 4
2 4 72
1 3 65
10 14 54
0 4 20
16 19 83
6 9 91
8 11 72
10 12 14
12 14 64
5 7 19
5 8 93
0 4 51
11 13 58
12 14 58
11 12 82
5 8 58
4 7 84
7 11 46
15 18 92
21 0 65
17 20 89
11 13 64
23 1 80
11 14 67
19 22 1
19 22 46
7 10 84
11 14 98
19 22 4
11 14 33
10 13 32
9 12 76
21 0 91
21 0 69
2 4 33
20 23 31
20 22 70
13 15 100
17 20 67
11 13 11
12 17 93
4 7 65
15 18 24
13 15 60
15 17 77
22 0 58
16 18 89
19 22 5
4 6 59
15 18 23
5 8 15
1 5 63
15 16 9
2 5 63
21 22 38
14 15 6
10 13 82
18 21 70
6 8 34
2 3 3
17 20 82
13 17 58
2 4 27
16 20 74
4 8 51
17 21 83
7 9 56
20 0 31
9 11 13
15 19 71
14 17 42
14 18 90
16 21 92
17 20 6
20 1 92
4 6 65
2 4 6
21 1 86
1 4 99
22 1 54
6 8 27
5 9 86
2 6 94
9 10 98
14 17 16
7 9 7
9 13 58
14 16 65
6 9 98
15 20 79
0 4 62
10 13 16
9 14 87
21 1 65
16 17 89
23 1 100
14 19 11
11 13 93
19 22 84
10 13 40
2 5 82
12 13 42
12 15 47
20 23 79
15 17 15
16 20 29
6 10 73
4 7 1
19 21 34
2 5 30
9 13 22
6 9 26
5 6 77
3 7 47
18 23 41
10 12 94
23 3 82
17 20 51
20 0 56
3 7 31
14 17 24
9 12 23
17 20 88
15 19 95
23 4 77
18 22 97
0 5 73
11 13 65
14 16 58
10 14 4
1 3 38
16 19 29
16 19 41
1 4 13
0 5 68
11 13 22
0 2 75
9 13 12
2 5 98
13 16 38
15 18 20
12 16 34
5 5 27
21 23 91
12 15 71
9 13 78
0 5 30
23 2 46
2 2 35
7 11 71
17 20 96
14 17 77
3 6 63
4 9 53
17 23 4
10 13 7
14 18 23
6 8 63
11 14 18
6 9 48
9 13 93
2 5 59
3 5 13
12 16 72
3 6 38
10 12 81
4 7 18
16 19 5
9 11 19
8 10 23
8 10 95
15 18 11
9 13 9
12 14 51
1 6 88
2 6 38
7 11 70
0 2 45
10 14 69
5 7 57
15 17 92
12 15 89
10 12 62
1 3 52
10 13 90
7 11 18
15 17 68
0 3 57
22 0 37
11 13 92
17 19 5
22 2 54
4 8 62
1 4 6
18 20 57
21 23 13
19 21 29
11 13 28
12 12 100
21 1 25
0 3 26
13 16 5
20 23 14
4 6 78
23 5 82
12 15 42
15 16 49
20 22 50
12 14 54
19 22 25
5 8 43
16 18 75
10 13 39
7 11 75
0 2 6
1 5 72
19 21 70
15 18 63
11 13 22
4 8 66
17 21 67
9 10 5
18 20 61
1 2 80
19 0 30
17 20 81
13 17 94
21 1 31
18 18 95
7 10 78
18 21 30
0 3 38
16 18 24
7 9 94
13 15 75
2 7 65
11 13 86
21 0 71
12 14 18
20 23 88
19 22 18
18 22 1
5 8 78
0 1 47
18 21 26
17 20 82
23 3 49
14 15 76
20 22 77
4 7 89
19 21 87
17 21 21
10 12 60
7 10 67
6 9 1
2 4 85
14 17 1
9 11 33
3 6 2
9 11 23
20 21 71
18 20 93
15 17 91
20 0 34
12 16 66
19 22 53
9 12 33
8 13 69
16 20 47
22 3 74
10 12 1
16 19 26
17 20 15
23 2 14
21 0 24
4 6 99
8 10 1
20 21 41
3 6 33
17 20 69
2 6 7
2 4 58
0 1 30
21 0 55
7 9 39
4 7 61
16 20 31
8 12 6
20 0 2
15 16 94
5 8 66
11 14 70
6 8 26
15 19 11
18 19 44
19 23 56
12 16 1
16 19 21
21 0 91
17 23 43
9 13 86
18 20 22
7 10 56
4 8 34
18 21 79
9 14 13
10 13 94
18 23 76
8 12 95
6 9 24
6 9 76
3 7 98
17 21 92
13 15 6
20 22 4
21 23 28
2 4 74
14 18 30
12 14 4
12 15 78
5 9 24
11 15 92
8 12 29
6 10 49
10 12 76
20 22 53
13 17 20
14 16 34
12 16 33
0 3 30
5 9 32
6 10 7
4 7 21
4 8 88
12 13 78
0 4 6
23 2 5
14 19 90
1 4 83
13 14 66
6 11 38
14 16 86
2 5 24
8 10 24
18 21 27
8 11 8
12 15 85
7 11 10
18 20 43
13 17 11
4 5 97
4 9 15
23 2 27
15 19 17
22 0 53
3 7 56
10 14 38
19 0 2
14 16 91
12 16 29
22 1 87
18 20 77
8 12 34
19 22 99
13 17 52
8 11 70
11 15 27
8 10 1
8 11 20
21 22 21
9 13 28
19 21 22
2 7 94
3 6 88
16 20 49
23 3 25
6 9 51
21 0 84
10 12 32
19 22 40
19 22 35
3 5 41
6 10 28
13 18 35
20 23 99
16 19 89
10 13 43
20 0 34
5 8 48
10 13 77
13 15 46
7 12 80
14 18 41
5 9 21
12 15 52
20 21 6
1 4 37
8 10 96
13 16 39
23 2 35
9 12 92
4 7 30
11 14 74
6 8 81
9 11 81
21 0 15
1 3 86
8 12 59
17 19 84
10 11 15
16 19 54
14 18 22
15 19 85
16 19 68
10 13 18
1 5 10
9 10 64
23 4 1
7 10 28
22 1 10
14 16 15
12 14 19
4 6 93
11 13 68
15 17 11
4 7 54
16 18 30
3 6 89
1 3 56
11 15 89
13 15 61
1 5 20
23 2 17
8 11 14
4 8 77
20 1 69
16 20 9
23 3 65
15 16 85
10 13 83
11 14 20
22 0 63
2 5 95
13 17 10
2 5 99
10 12 45
11 17 83
17 19 15
11 15 73
7 11 22
18 21 1
0 4 65
1 4 22
9 12 69
3 5 27
16 19 44
16 20 62
9 12 76
9 12 99
6 9 93
2 3 74
17 20 28
13 16 10
12 15 42
6 8 36
5 8 11
10 14 96
22 0 7
13 17 73
21 0 55
22 1 70
5 8 75
17 19 48
2 5 38
1 4 100
11 15 51
4 7 5
1 3 84
13 17 55
6 8 21
11 15 64
22 3 6
5 10 36
23 3 15
15 17 93
1 3 21
4 6 43
19 22 69
17 21 49
11 15 37
19 22 93
23 1 5
2 5 64
3 6 99
11 14 15
21 23 37
20 23 73
8 11 17
11 13 18
20 22 31
22 1 43
2 3 44
16 17 12
3 7 57
12 13 47
21 1 27
0 2 46
10 13 65
9 12 65
3 7 11
3 5 72
21 0 93
0 5 45
2 5 87
10 11 70
4 6 12
0 4 41
0 2 23
20 0 32
20 23 13
16 19 95
10 15 54
22 1 16
9 11 64
5 10 38
4 6 91
6 9 45
21 23 98
17 21 8
10 14 61
9 12 97
9 12 8
19 23 35
20 22 72
13 16 39
15 20 70
18 21 79
14 20 98
16 18 84
14 17 42
14 17 10
9 10 26
22 1 45
3 6 74
1 5 91
5 10 16
15 17 79
7 12 87
22 1 2
7 10 5
11 16 29
16 19 93
7 11 13
22 0 9
10 13 72
14 19 24
20 22 39
13 16 54
13 17 96
21 0 54
10 13 74
19 20 69
5 9 48
18 21 8
9 13 61
11 16 67
22 1 79
6 9 2
9 10 82
5 7 9
11 14 93
23 2 2
20 23 100
15 17 23
3 7 65
4 5 61
13 16 54
21 0 85
10 12 10
1 6 38
8 12 34
15 18 36
21 1 79
4 8 65
21 1 4
4 8 63
8 12 40
10 15 24
13 19 50
0 4 33
3 6 98
7 10 64
18 21 97
4 7 14
23 2 97
20 22 22
4 7 87
14 17 79
13 14 45
11 14 4
10 13 29
8 10 19
20 22 28
6 8 46
6 10 89
3 5 50
17 18 21
11 15 34
10 13 67
19 22 92
23 1 24
9 11 68
15 19 36
1 4 61
5 8 62
20 23 81
12 14 71
13 17 70
14 16 74
10 12 79
7 12 2
17 20 22
13 16 76
10 12 90
16 18 72
7 11 75
2 7 11
15 18 90
2 5 39
12 15 43
5 8 37
1 3 58
8 11 29
11 14 48
14 16 74
11 14 30
4 7 17
1 3 25
0 5 20
21 0 4
17 20 53
15 17 30
12 16 39
23 2 7
10 14 59
23 4 50
4 7 79
1 2 16
14 16 95
10 14 54
4 8 58
5 9 37
22 2 63
2 4 9
5 7 90
23 2 91
5 8 94
2 5 67
13 16 90
1 5 79
4 7 64
12 15 9
3 7 72
6 9 6
18 21 94
8 12 91
0 4 80
2 6 51
14 15 65
18 21 46
22 2 56
17 19 23
9 12 97
21 1 98
17 20 31
1 5 12
13 16 37
13 18 8
15 19 67
8 10 71
0 4 54
6 9 45
14 16 6
23 0 47
3 4 67
21 0 25
2 4 3
6 9 69
9 13 42
2 4 56
18 21 16
1 3 12
18 22 25
16 20 69
12 16 80
13 15 24
14 16 18
0 5 49
21 0 38
19 22 25
19 21 48
23 2 25
2 4 89
9 13 48
12 16 18
14 17 78
23 0 69
17 21 92
14 18 46
20 0 80
3 6 31
15 17 61
12 14 45
11 16 95
10 13 13
7 9 25
13 17 2
11 14 32
19 22 27
8 11 38
11 14 93
2 5 39
2 5 44
16 19 88
16 18 23
11 13 68
9 13 45
2 6 95
6 10 60
23 1 42
5 9 91
1 3 1
19 22 33
14 17 96
13 16 47
23 2 72
11 14 15
11 13 78
16 17 52
17 20 29
2 3 65
18 21 2
13 14 92
0 4 100
7 11 54
13 16 38
9 10 43
17 22 53
6 9 14
17 19 72
6 9 66
5 7 13
0 4 87
18 20 84
22 1 13
2 4 18
21 1 96
21 3 20
10 14 3
4 6 90
23 3 76
22 0 47
20 0 30
2 5 8
14 17 82
23 1 9
22 1 40
19 21 92
19 21 7
23 3 51
4 7 5
0 4 83
19 22 19
22 3 41
11 14 15
17 20 9
6 9 32
3 7 63
18 20 82
14 16 67
15 18 77
1 3 94
6 10 43
2 4 82
5 10 70
12 15 23
9 13 95
2 5 12
19 20 25
22 1 44
10 14 19
11 16 46
12 14 92
7 10 69
7 9 98
16 19 66
22 1 70
10 13 64
4 7 99
23 3 96
2 6 20
4 7 67
22 2 26
12 15 10
8 13 6
0 4 34
18 22 5
14 18 13
6 10 24
15 18 53
23 1 14
7 12 8
21 0 30
22 0 17
21 22 30
8 12 12
4 5 70
21 23 8
10 11 8
15 17 23
15 18 35
0 3 7
16 20 41
5 8 74
20 22 71
5 8 2
21 0 37
7 10 25
0 4 35
13 16 71
13 17 22
23 4 95
17 19 5
20 23 2
19 22 29
18 23 55
3 7 63
4 5 62
2 3 73
22 1 55
14 17 23
10 13 52
18 21 22
15 18 37
14 16 62
8 12 50
2 6 47
6 7 21
23 2 45
7 8 19
9 12 46
21 23 13
22 2 66
9 12 33
22 1 69
2 5 42
0 3 66
6 10 62
1 4 17
0 4 87
12 15 82
14 17 42
6 10 26
2 5 52
7 9 98
22 1 83
1 3 35
18 21 71
23 2 54
21 0 36
18 21 22
0 2 94
4 6 75
0 2 56
23 3 13
9 11 88
14 16 75
18 22 39
15 18 77
6 9 68
5 6 54
18 20 78
18 20 46
21 23 7
23 2 59
14 17 55
6 7 70
7 11 56
15 19 55
2 5 100
21 0 24
10 12 17
15 19 61
16 19 54
7 10 42
4 6 61
22 2 90
15 17 62
6 9 32
20 0 63
19 22 73
7 11 81
23 2 62
7 9 13
19 21 7
8 11 67
2 4 19
13 16 43
3 6 76
16 19 68
0 1 52
1 4 62
7 10 47
20 23 16
11 13 89
5 7 85
19 20 36
12 15 32
20 23 91
18 22 17
12 14 24
3 6 12
19 21 15
20 22 41
15 18 26
18 20 40
0 1 56
8 12 90
9 12 37
3 6 19
19 23 38
8 11 20
17 19 50
13 16 22
12 16 45
11 13 88
10 13 65
21 0 93
10 13 27
18 19 37
17 20 74
15 19 96
5 9 94
1 5 68
12 13 90
1 3 57
1 2 46
10 14 40
19 1 75
17 19 54
3 5 96
22 0 15
9 10 97
7 9 81
7 8 23
10 12 67
8 10 65
3 5 51
15 18 34
13 16 6
0 3 39
8 10 48
1 5 26
17 20 24
22 2 7
16 18 88
6 10 85
9 13 3
17 19 44
15 18 22
13 15 23
3 5 48
6 9 100
1 5 83
19 23 25
8 11 43
23 1 64
6 8 58
15 18 53
18 21 93
19 21 17
0 2 50
8 11 73
10 13 12
10 12 25
1 4 19
13 16 48
5 7 14
14 17 43
14 17 5
18 21 91
13 16 81
13 17 68
19 20 61
19 23 48
23 1 77
23 1 31
0 2 100
2 5 77
5 9 82
6 8 65
8 12 65
23 2 11
11 15 57
2 6 69
6 8 18
0 4 34
5 8 81
22 2 28
12 16 77
0 3 66
21 2 90
21 0 30
7 8 96
6 9 29
0 4 75
19 22 42
10 13 67
0 4 1
15 17 69
23 1 59
5 8 32
17 22 65
11 14 74
20 22 97
13 16 91
11 15 91
0 2 93
3 5 100
21 1 28
6 9 16
12 13 43
11 14 95
14 17 94
3 4 71
11 13 79
19 22 65
21 0 93
4 6 75
8 11 99
6 8 86
14 15 86
22 1 15
7 8 9
13 15 76
18 21 98
14 18 57
5 7 54
12 13 35
3 7 10
3 7 48
19 23 6
3 6 16
3 6 87
15 17 75
1 3 87
12 16 9
20 23 78
2 5 34
6 10 67
4 8 25
11 15 10
21 23 93
17 19 63
6 9 62
11 13 25
18 21 86
9 12 20
1 5 41
0 2 34
13 16 47
8 11 37
9 12 6
8 12 10
19 22 89
16 19 17
13 16 99
11 14 32
7 11 57
3 5 13
22 2 78
11 14 96
23 1 84
23 1 28
7 12 24
8 12 86
20 23 56
10 13 62
8 10 7
21 23 92
15 19 15
13 17 17
20 0 17
4 8 60
17 18 1
0 3 76
14 16 75
15 18 50
17 20 98
8 12 14
23 2 33
23 2 42
23 1 39
3 6 92
0 4 48
5 8 76
13 15 24
7 10 10
16 18 41
1 5 37
19 22 5
7 8 48
14 18 27
5 7 7
7 12 73
2 5 81
5 7 55
8 13 76
17 20 99
17 22 47
11 14 18
16 19 87
15 18 34
9 12 77
13 15 33
19 22 33
1 4 8
21 2 27
23 3 17
22 1 73
11 15 80
20 21 87
9 13 86
20 0 53
11 12 63
1 4 90
4 8 30
7 11 63
21 0 1
10 12 79
17 20 61
19 22 8
0 2 92
7 9 34
1 2 77
15 19 90
12 15 62
10 12 35
11 14 23
2 4 83
10 12 56
19 23 80
7 9 68
14 18 56
5 7 21
19 22 12
20 23 33
15 18 49
22 2 92
20 23 71
18 22 64
16 17 43
20 0 6
3 7 74
0 3 6
0 2 67
18 20 23
14 18 22
9 13 88
1 6 24
3 6 52
18 20 26
11 13 97
9 12 9
15 18 14
17 19 38
23 1 15
10 11 52
18 21 26
12 15 5
10 13 53
8 11 13
4 8 44
12 15 73
19 23 98
7 10 9
5 7 3
6 11 96
11 15 52
16 21 5
21 22 1
15 18 78
17 20 39
3 5 37
3 5 14
17 20 69
6 10 40
17 20 69
10 11 49
21 22 73
9 13 88
2 4 58
16 20 64
9 12 34
14 18 90
1 3 87
12 15 79
7 11 76
7 10 62
9 12 22
1 3 26
21 1 64
20 0 58
16 19 99
16 20 60
16 20 81
14 17 38
18 20 24
18 20 15
7 10 30
17 21 90
5 8 43
23 2 65
3 6 73
2 7 35
21 0 27
10 13 88
21 23 62
20 22 45
3 4 95
14 17 95
15 18 37
10 14 50
17 22 12
9 12 95
13 17 14
16 19 34
2 5 31
8 12 95
8 9 79
3 6 37
12 15 43
7 12 56
23 1 78
9 13 14
23 3 99
4 6 47
13 16 51
17 21 5
6 8 22
11 13 93
15 17 10
16 19 14
13 17 100
22 0 15
7 10 1
5 6 4
6 9 21
2 4 60
23 2 36
6 8 6
18 22 55
8 10 48
22 1 28
1 4 54
10 14 25
12 16 4
12 14 7
2 7 75
20 23 33
1 5 31
13 18 73
14 18 41
7 10 12
23 0 84
9 12 92
9 12 83
15 19 96
6 9 70
21 1 70
21 23 100
20 23 42
9 13 20
16 19 71
23 2 80
1 5 45
16 16 30
5 11 67
12 15 6
5 8 55
10 13 69
13 16 4
0 3 68
2 6 46
18 21 75
8 11 11
13 17 39
19 23 18
22 0 45
13 16 19
17 20 13
2 5 12
15 19 37
21 23 6
14 17 28
16 21 19
22 1 88
16 20 60
19 22 86
14 15 52
1 3 35
16 19 62
23 4 92
19 21 39
22 2 91
17 20 49
13 17 4
19 20 17
6 9 58
1 4 11
1 4 13
1 5 41
20 22 25
1 5 67
17 21 19
0 3 66
1 4 33
16 19 3
4 8 13
16 19 58
13 16 50
8 12 23
8 11 90
19 22 13
16 19 99
13 15 92
6 11 84
0 3 62
21 0 69
22 1 97
6 10 4
7 8 6
14 16 7
11 14 32
16 18 22
3 5 27
20 23 74
5 9 58
8 11 70
11 16 90
3 6 77
13 16 24
21 23 89
5 8 66
6 10 90
2 5 78
17 19 49
18 22 67
15 17 91
13 15 66
18 20 28
0 4 90
21 23 71
0 4 26
7 9 13
2 5 16
7 10 4
8 12 99
5 9 22
17 19 71
23 2 73
9 13 69
6 9 99
23 2 82
15 19 38
3 6 8
3 7 42
14 15 72
22 0 30
21 1 79
4 8 73
8 11 41
2 4 3
16 17 88
6 9 9
19 23 9
17 18 49
5 7 5
11 13 32
3 7 39
19 22 95
22 1 48
14 17 92
13 16 1
17 20 88
23 3 17
10 13 2
5 9 42
21 0 66
18 0 99
21 23 37
11 13 1
15 18 44
6 9 40
5 9 44
21 0 28
6 10 94
4 7 36
18 19 48
9 12 56
16 20 72
18 22 1
4 6 11
21 23 66
13 17 86
12 16 13
6 9 37
9 12 70
12 14 64
6 11 71
0 4 16
12 16 86
9 12 46
21 0 92
1 3 42
3 7 42
4 6 46
19 22 74
11 13 81
23 2 7
23 1 14
5 9 57
12 16 3
9 12 77
11 14 72
15 18 78
19 23 94
11 14 14
13 17 71
22 2 25
19 20 66
18 21 60
18 22 49
0 5 100
11 13 13
6 10 64
4 7 50
5 7 49
20 22 95
19 23 33
16 18 75
4 8 74
8 10 70
16 19 36
14 19 9
1 1 97
22 1 73
2 5 54
8 11 80
6 9 45
8 11 25
13 15 1
3 6 33
20 0 55
0 4 86
23 3 47
8 12 69
0 2 12
0 5 43
16 18 6
18 19 25
16 18 12
12 13 41
21 23 30
18 22 20
7 10 19
23 2 26
6 9 97
16 19 41
17 21 60
2 7 1
2 5 97
2 6 34
11 12 99
23 3 13
6 9 100
16 20 11
9 12 57
18 22 40
4 8 11
16 19 17
5 9 99
23 1 30
5 8 27
17 20 28
8 12 41
15 20 74
19 21 90
22 0 63
22 1 26
14 17 83
0 3 85
20 0 27
10 13 4
22 2 33
20 22 72
3 7 58
15 17 62
1 3 79
6 10 63
6 9 43
8 12 42
1 4 48
1 4 54
13 18 12
12 15 28
3 6 76
19 22 35
15 18 64
20 23 3
6 11 75
1 3 11
9 10 95
14 16 98
8 11 26
19 23 45
7 10 8
21 23 73
4 7 82
6 8 69
17 20 44
7 11 87
20 0 26
19 22 39
23 1 18
3 6 21
11 14 15
5 8 32
22 3 42
10 13 33
13 17 83
3 7 42
4 6 16
22 3 65
11 15 62
6 9 61
9 12 29
11 14 15
20 0 42
20 0 5
0 2 90
17 21 14
2 3 97
10 13 80
8 12 64
8 10 44
2 6 29
22 1 5
1 4 10
3 4 13
14 17 37
17 21 67
10 13 34
1 2 58
14 15 73
0 4 16
1 4 98
15 17 67
0 4 28
8 12 42
22 1 38
8 11 25
9 12 41
8 10 40
13 17 64
13 16 15
23 3 76
4 6 16
14 16 58
13 15 56
3 4 3
21 0 83
23 2 64
4 7 79
8 10 40
9 12 3
23 3 97
6 7 28
17 20 56
2 5 71
8 11 9
12 14 54
14 17 91
18 21 17
5 7 54
11 12 48
4 7 60
22 1 40
8 14 99
5 7 68
14 16 55
22 2 93
22 1 25
11 14 66
3 4 98
14 17 20
2 6 8
4 7 63
14 16 89
0 2 66
15 17 38
14 18 83
3 7 20
16 18 29
16 19 24
12 14 18
2 5 61
9 12 67
4 9 85
13 16 34
2 8 40
12 15 84
5 8 91
17 19 59
23 2 2
9 11 90
8 11 62
22 0 92
9 12 78
3 8 51
2 4 52
13 16 77
12 14 97
18 21 57
17 20 98
6 10 5
10 13 34
3 6 32
11 14 32
18 0 66
12 13 32
22 2 23
12 13 10
10 11 87
22 2 16
4 8 40
1 4 10
20 23 39
2 5 21
20 23 63
6 7 36
9 13 18
19 0 79
11 14 71
4 6 78
8 12 1
22 0 6
21 1 74
7 11 91
16 21 59
4 7 28
7 10 51
20 23 48
13 16 76
4 8 29
6 10 45
0 3 68
5 9 34
5 10 82
18 19 90
0 3 59
3 7 51
3 8 86
5 8 72
0 2 24
13 18 60
15 18 53
23 2 59
5 8 50
23 2 92
14 18 59
16 19 100
10 13 31
8 12 70
9 10 90
6 8 70
14 14 85
11 13 69
14 18 47
18 22 31
14 15 96
10 12 52
15 18 29
22 2 54
10 12 73
18 22 71
11 13 20
7 11 58
10 14 47
9 10 28
12 14 47
2 5 20
10 13 83
10 13 25
1 6 24
12 15 50
5 9 71
19 0 72
23 3 31
3 6 50
22 2 34
6 8 92
5 7 82
21 1 62
20 22 91
21 23 35
16 16 12
2 4 49
16 19 91
17 20 42
6 9 58
9 14 65
1 6 96
15 18 31
22 0 53
22 1 88
5 8 73
7 9 78
15 19 70
19 22 68
3 6 14
10 12 95
7 11 53
14 17 69
8 11 69
15 17 21
19 23 17
23 1 81
2 5 68
12 15 37
10 12 49
6 8 27
6 7 66
4 8 41
5 6 80
18 20 64
22 1 48
3 6 26
8 12 39
21 0 42
5 8 29
10 13 76
5 10 94
14 18 84
11 16 60
13 16 56
12 14 42
10 14 32
3 6 68
20 22 33
4 6 5
2 4 52
9 9 91
3 7 64
19 22 87
5 9 99
13 16 5
3 4 53
15 19 95
16 19 54
8 12 18
7 10 28
4 6 16
11 14 81
7 10 92
14 18 7
7 11 51
15 19 36
19 22 75
1 5 93
12 14 96
18 23 53
17 20 90
23 2 76
11 14 66
3 8 1
15 18 13
20 23 59
8 9 58
12 16 50
3 7 64
13 16 62
12 14 17
13 17 52
23 3 90
21 23 99
20 0 24
7 11 43
23 2 41
10 14 19
1 4 98
22 3 78
23 2 71
13 16 16
9 9 14
7 11 53
9 12 56
23 3 21
18 22 90
2 4 86
10 13 1
6 8 44
4 6 63
6 9 62
17 21 25
0 2 77
0 3 89
5 8 55
3 6 75
20 22 54
4 7 41
12 15 48
11 13 37
17 21 67
14 17 45
0 5 97
17 20 7
20 0 22
9 11 39
0 5 71
23 4 64
10 14 13
3 6 62
3 6 43
16 19 11
18 20 59
11 13 60
18 21 31
11 14 31
8 10 52
14 18 75
16 19 95
9 12 57
23 2 5
0 4 3
2 6 34
19 22 5
23 3 66
10 13 40
0 4 80
17 19 26
7 10 90
12 17 94
19 22 86
12 15 45
23 1 39
1 6 29
10 13 88
17 21 32
0 4 94
22 0 95
15 18 11
9 13 52
7 10 98
5 7 29
19 23 39
23 3 53
23 3 56
4 7 65
21 0 66
15 18 28
21 23 65
13 14 93
17 20 37
1 3 42
16 17 44
10 14 2
2 6 1
8 10 48
7 11 77
3 5 48
23 3 11
11 13 4
22 1 90
1 3 27
21 0 52
5 8 9
9 11 26
3 8 4
7 10 21
19 23 55
9 12 65
7 11 50
13 16 15
23 1 33
0 3 6
17 19 78
19 21 41
23 2 72
8 11 14
19 23 51
5 6 100
2 5 31
23 2 29
16 18 58
12 15 54
20 22 1
6 9 73
19 23 62
2 4 78
19 23 68
9 12 54
22 0 51
15 19 75
22 2 63
16 18 24
6 9 76
4 8 33
5 6 90
18 22 18
14 17 92
16 19 83
4 6 77
10 12 85
1 5 29
15 18 1
14 18 42
18 22 92
13 15 41
9 13 46
8 12 68
23 0 66
4 8 35
17 19 3
4 6 72
17 21 43
6 8 87
12 14 20
10 13 63
5 7 7
0 4 80
19 22 45
19 23 85
8 12 22
16 20 50
13 15 18
8 11 81
5 7 99
22 0 57
3 6 16
15 18 51
4 8 74
7 10 96
18 22 10
3 6 31
10 15 84
5 8 56
16 18 47
11 14 59
19 21 98
16 19 81
21 0 97
3 6 100
19 0 6
11 15 67
20 0 20
13 14 20
3 6 22
2 5 2
14 16 89
23 2 84
22 1 17
3 5 37
3 4 62
0 2 90
6 10 26
12 14 29
15 19 4
11 15 39
20 2 52
8 8 35
13 17 28
19 21 17
13 15 61
17 16 67
22 0 90
12 15 4
9 13 26
16 19 58
20 21 67
23 3 54
8 11 16
16 18 13
23 2 99
19 22 37
0 4 69
4 7 7
17 20 27
10 13 34
12 14 99
14 17 71
3 5 77
21 23 36
12 14 6
0 3 19
6 8 62
14 16 89
12 13 72
21 23 81
12 15 93
20 23 30
20 23 21
14 17 56
1 4 59
11 14 1
14 17 3
1 4 61
21 1 58
6 10 46
7 8 15
11 13 93
1 4 92
17 21 63
17 20 59
11 14 55
19 21 28
8 11 50
22 1 14
12 14 33
5 5 31
0 2 10
15 19 49
16 18 78
2 4 92
14 18 25
8 11 94
16 19 19
4 6 79
19 21 47
1 2 14
23 1 55
9 10 98
17 20 58
18 21 91
3 6 32
6 9 29
2 6 60
4 7 36
4 7 77
11 15 20
0 3 47
23 2 91
4 8 97
12 15 93
17 21 34
13 17 22
18 22 82
10 12 7
21 23 6
6 8 49
0 3 53
9 11 46
4 6 24
2 5 52
16 20 99
0 5 1
20 22 100
7 9 11
2 5 47
5 8 44
4 7 12
5 10 82
6 10 58
7 11 14
0 3 39
15 16 62
21 0 9
4 6 99
11 12 43
5 8 26
7 10 22
11 15 33
4 7 7
17 22 88
16 19 53
23 3 18
14 17 87
3 6 9
19 22 76
5 7 52
12 16 19
16 19 31
3 6 70
7 10 13
3 5 56
16 19 60
17 20 29
3 6 49
2 6 65
19 23 89
0 3 59
1 3 50
10 14 24
22 1 89
6 8 69
3 5 23
12 14 73
2 5 10
11 14 42
16 19 10
17 19 17
21 23 72
23 2 87
20 23 84
19 23 57
17 18 100
4 7 15
21 0 24
7 11 40
21 0 51
0 5 80
8 10 48
9 13 11
10 13 90
10 13 53
11 14 68
15 18 100
4 7 65
10 14 83
16 22 53
3 6 97
10 14 84
22 1 63
11 12 2
3 6 76
14 19 51
1 3 64
14 18 87
23 2 32
4 7 95
14 16 53
18 23 56
21 1 20
20 23 10
19 19 23
16 19 7
3 6 71
12 15 23
18 0 9
3 5 35
20 22 56
7 11 32
12 16 65
19 22 34
1 5 53
18 21 42
23 2 8
19 22 44
17 19 80
7 10 81
16 19 7
5 9 12
20 1 1
5 9 23
19 23 58
8 13 40
7 9 70
19 22 72
0 1 7
9 13 7
18 21 37
23 2 95
5 9 69
20 23 5
14 17 52
23 2 21
20 1 29
22 2 64
5 6 35
2 4 84
2 5 60
2 6 44
2 3 33
11 15 82
15 17 99
23 1 82
7 10 75
20 0 7
18 21 56
4 8 92
9 12 100
6 9 96
7 9 11
21 2 89
21 0 74
15 17 10
16 18 7
20 23 89
17 21 42
21 0 85
3 5 1
22 0 14
17 19 64
20 1 81
11 13 44
18 22 71
6 10 62
7 9 100
21 1 82
21 23 96
12 15 55
10 13 48
11 15 98
3 7 38
16 19 44
22 1 86
2 5 87
9 14 69
22 1 58
12 14 4
0 2 45
22 1 39
9 10 43
1 5 39
18 23 3
14 17 65
2 5 91
13 15 39
16 21 30
21 23 54
23 0 51
20 23 55
8 12 89
15 16 90
2 6 79
1 2 13
4 7 88
2 6 53
7 9 16
14 17 2
8 13 38
23 2 72
4 8 81
18 20 2
16 19 71
8 11 81
0 3 14
16 20 55
3 8 28
7 10 80
8 10 46
7 10 88
21 23 43
0 4 60
7 10 61
2 5 4
17 19 10
13 17 99
0 4 64
20 23 4
8 11 85
0 2 83
0 3 18
5 9 15
17 21 12
10 12 88
6 8 18
11 14 69
5 8 27
14 16 100
11 15 67
16 19 24
5 7 51
9 12 5
1 4 69
19 22 46
15 18 47
6 8 66
9 12 56
7 11 88
7 8 87
13 17 46
12 13 22
16 18 56
12 14 2
11 14 80
13 15 51
1 4 85
4 7 95
22 1 71
0 1 8
8 11 18
15 17 45
5 9 39
16 18 28
20 22 31
4 7 44
5 7 46
20 23 29
3 6 50
10 15 14
4 9 48
5 8 86
18 22 94
2 5 53
2 3 67
16 17 38
11 13 9
3 4 51
3 5 55
9 10 56
2 5 39
12 15 79
17 20 65
6 7 72
2 4 94
1 4 34
19 22 87
15 18 49
12 15 29
6 8 56
16 20 97
10 13 100
14 18 79
16 19 96
19 22 55
22 2 96
12 14 9
6 7 67
9 13 35
18 21 92
14 14 99
8 11 45
22 2 59
5 8 19
12 15 24
10 12 1
9 12 11
0 2 19
1 4 30
1 5 18
13 19 45
18 22 90
6 11 95
13 16 26
2 4 59
12 15 14
17 20 39
10 13 14
12 15 34
21 23 97
4 8 32
20 22 43
8 11 14
3 7 53
7 9 62
7 9 11
20 23 64
9 13 54
15 18 84
22 1 46
17 21 94
19 21 42
7 10 29
18 21 77
8 11 52
13 15 45
21 23 78
15 20 30
12 16 21
10 14 59
21 23 52
21 23 50
22 1 17
10 14 64
10 14 30
8 11 26
22 1 80
2 5 10
12 15 51
14 18 16
12 15 98
3 6 1
9 11 14
0 4 72
10 13 43
22 1 35
9 11 47
7 10 78
16 21 89
13 17 4
21 0 47
14 16 55
16 17 87
18 21 51
23 1 35
11 14 46
20 23 46
15 19 38
10 14 55
21 23 16
21 2 1
0 3 56
2 5 82
10 12 87
18 23 26
4 7 34
6 11 61
10 13 44
16 19 21
1 3 21
9 11 55
20 23 45
15 20 29
0 3 72
9 12 11
23 1 73
11 13 3
15 20 17
22 2 34
18 21 66
10 14 93
12 15 48
10 13 55
6 10 79
16 19 48
20 22 57
21 23 68
13 16 80
23 4 43
7 10 78
2 5 55
16 20 89
10 14 90
16 19 11
4 7 92
13 17 45
7 11 35
10 13 69
22 1 48
12 14 25
23 0 86
1 6 76
4 6 22
16 19 62
13 16 49
17 18 5
3 6 85
16 19 30
1 3 10
13 16 71
9 11 16
0 2 15
8 11 41
3 5 33
20 23 31
5 8 11
14 18 87
22 1 12
7 10 45
21 0 75
12 16 45
12 16 27
6 9 30
4 8 27
13 16 35
16 19 11
14 15 25
6 8 46
7 10 70
8 11 100
15 18 44
17 19 65
13 16 65
7 11 74
20 0 40
16 19 1
3 4 57
17 20 14
15 19 47
14 17 13
11 14 60
0 3 34
23 2 50
6 9 6
17 19 13
14 16 79
6 9 61
22 4 74
23 3 15
12 15 85
11 13 4
13 15 84
12 15 62
10 14 95
16 19 42
6 10 53
12 16 58
0 4 41
19 21 76
14 17 32
14 17 2
17 21 20
11 13 100
7 9 79
22 2 16
21 0 53
12 13 25
16 17 9
15 19 40
11 14 85
9 11 53
19 21 91
10 12 55
0 5 40
8 10 32
17 21 66
16 20 85
1 2 45
20 22 60
16 19 68
8 12 40
7 12 61
11 13 41
23 1 70
5 7 49
19 21 46
17 19 78
0 4 95
23 4 90
3 7 84
0 3 85
13 15 89
22 3 97
4 6 35
13 18 44
7 10 90
20 1 16
6 10 89
21 23 56
10 13 54
8 12 57
14 18 89
13 16 65
6 10 84
21 23 97
12 16 94
16 21 76
9 12 79
13 15 20
14 17 30
20 23 97
12 15 77
2 6 30
3 7 33
17 21 89
19 20 34
10 12 36
19 23 63
15 20 53
16 20 29
10 14 7
15 18 50
7 10 56
6 9 32
0 2 54
23 0 50
20 0 13
22 0 42
23 1 62
10 13 5
10 12 12
3 4 74
16 18 18
22 0 23
6 8 28
0 3 83
16 20 66
15 21 66
7 10 87
4 8 63
14 16 45
8 10 86
11 15 90
2 4 32
14 16 18
20 0 33
15 18 48
11 13 82
20 0 83
8 12 56
19 23 7
21 1 44
22 2 14
13 16 87
2 5 43
8 11 90
12 15 81
16 19 39
21 23 37
3 6 3
15 17 62
16 21 17
12 17 33
15 18 20
10 13 58
17 22 23
21 1 93
23 3 74
3 6 73
19 22 34
17 18 92
13 17 80
22 1 74
2 4 62
10 14 29
16 19 1
11 14 33
4 5 82
17 18 49
19 22 86
10 14 66
5 8 54
9 13 21
16 18 65
15 18 75
23 3 69
12 14 7
23 1 74
11 14 85
11 14 99
6 8 75
4 7 9
12 15 74
8 11 57
21 1 39
11 15 8
6 9 79
20 22 36
0 3 9
2 5 37
18 19 69
11 14 11
21 1 53
5 9 64
10 13 8
16 20 87
0 3 38
13 16 2
0 2 98
17 20 65
22 2 90
21 0 21
17 21 96
15 18 60
21 1 15
11 15 27
13 18 38
12 14 11
1 5 59
21 1 65
7 10 82
20 23 52
6 10 18
12 16 62
17 21 38
5 10 27
14 17 2
12 17 60
12 16 83
22 2 70
9 11 27
21 0 21
0 4 3
14 17 10
7 12 41
20 21 33
21 0 51
23 2 42
21 1 25
13 15 73
8 10 39
7 7 41
3 6 61
10 12 24
21 23 51
17 21 3
17 21 35
22 2 73
18 21 12
18 22 70
7 11 98
11 13 59
18 20 2
9 13 23
21 0 3
11 14 76
0 4 91
12 16 34
12 17 81
23 3 17
6 8 2
10 13 98
8 10 55
16 18 70
21 1 94
9 12 70
12 14 12
20 0 80
6 9 2
23 1 60
23 3 100
17 20 60
6 8 72
9 12 67
2 5 39
1 3 30
16 18 33
11 15 88
6 7 47
19 22 15
0 1 1
21 0 96
12 16 12
13 15 66
14 18 68
8 12 93
8 10 68
14 18 78
14 16 99
3 6 8
16 18 51
3 5 10
23 3 78
0 3 94
14 17 8
15 17 28
22 2 46
2 5 53
7 11 48
17 18 98
11 15 8
0 2 23
20 23 71
3 7 22
1 4 18
6 9 48
6 9 47
8 11 63
19 22 26
6 9 87
5 9 79
19 22 81
22 1 83
20 20 16
0 3 32
13 16 6
15 19 68
4 8 89
14 18 31
13 16 76
2 4 22
15 19 84
7 10 95
21 1 77
4 8 96
7 9 67
8 10 36
1 5 64
0 3 10
7 11 95
13 16 53
13 15 74
7 9 4
4 6 50
9 12 31
0 2 48
13 17 84
8 11 26
2 7 58
22 1 51
6 7 17
6 8 55
10 13 6
18 23 28
6 8 58
9 12 90
19 22 24
8 11 95
15 17 60
7 9 2
1 3 91
7 9 25
2 5 56
0 3 2
9 11 43
5 6 55
4 6 24
5 7 64
11 15 64
16 19 55
1 5 12
18 19 78
21 23 79
16 18 19
17 21 79
5 7 57
14 17 98
13 15 93
6 8 5
19 22 95
4 8 2
20 22 98
15 17 56
6 9 12
2 6 87
23 3 35
22 0 82
19 22 48
6 8 47
17 20 62
17 20 54
11 13 31
13 15 77
4 8 22
3 6 29
19 22 25
19 22 93
11 14 41
17 18 29
5 7 9
0 2 61
21 0 71
4 6 80
11 12 84
18 21 12
17 20 15
19 23 77
4 9 5
23 2 38
18 21 11
12 14 10
3 7 98
15 18 66
8 11 88
4 7 32
6 10 93
5 9 84
0 3 19
14 17 11
7 9 95
17 19 16
4 6 92
22 1 99
7 10 100
22 23 3
16 18 93
1 3 45
20 0 82
5 8 7
4 6 81
3 9 38
5 7 11
0 4 64
13 17 59
17 19 15
12 17 52
22 23 62
21 23 71
6 10 34
21 1 14
5 8 58
19 21 74
12 17 86
9 12 54
3 6 28
2 5 82
22 1 9
12 14 12
12 15 7
13 15 96
7 11 89
8 13 46
22 2 39
16 20 4
12 17 13
22 1 57
19 21 42
19 21 1
3 6 12
14 16 4
21 23 92
7 13 78
13 17 76
14 18 44
4 5 36
8 12 80
11 14 50
3 6 58
5 9 85
5 8 65
5 7 98
1 6 23
5 10 100
22 1 34
0 3 81
0 4 76
21 1 91
16 19 63
23 2 92
5 9 4
1 6 29
5 5 90
15 17 77
13 17 35
8 10 8
5 8 7
14 18 35
17 19 25
20 21 17
3 6 10
3 6 77
10 14 84
17 19 44
1 3 58
17 20 56
2 5 90
22 2 12
7 10 34
12 14 57
2 6 56
23 2 23
12 16 68
3 7 89
12 15 67
16 17 86
9 11 59
13 16 61
0 3 88
2 5 18
5 7 39
21 0 29
8 11 60
17 20 12
23 2 2
9 13 66
13 17 34
1 3 29
10 13 8
6 10 80
0 1 14
10 13 99
23 1 59
12 15 85
1 4 29
14 18 42
5 7 66
10 12 33
20 23 94
6 10 13
6 10 86
8 11 59
3 5 54
9 12 26
17 19 14
3 6 100
13 16 94
19 22 86
16 19 89
5 6 26
1 3 63
6 8 72
21 23 95
16 19 2
15 19 62
21 0 7
0 2 13
9 12 68
15 17 60
22 2 5
23 2 31
8 11 50
19 22 53
23 3 36
7 11 99
15 19 91
23 2 36
10 12 64
0 3 61
16 19 30
9 12 1
11 15 42
16 20 25
14 18 73
15 20 7
18 23 15
20 0 100
7 9 55
0 4 47
8 10 72
17 21 91
16 19 69
16 18 9
9 13 43
0 5 76
6 8 87
17 19 82
22 0 80
21 0 98
4 6 99
11 15 31
21 23 93
7 10 39
23 4 62
11 12 41
12 16 63
19 20 75
6 8 45
20 0 7
2 4 67
15 18 6
23 4 12
2 3 100
15 18 32
2 5 24
12 16 97
6 9 16
9 12 62
7 10 40
21 0 16
16 20 60
23 1 83
12 16 59
15 19 74
5 8 73
10 12 35
19 21 35
13 16 73
6 9 19
12 14 28
18 23 72
22 2 62
14 17 95
3 6 42
6 8 32
15 20 99
12 16 82
3 6 66
5 7 2
13 15 97
21 22 41
1 4 94
7 11 58
5 7 12
7 9 77
3 5 9
11 14 31
10 12 2
2 5 45
6 11 60
8 11 84
10 12 91
0 2 34
6 7 37
22 2 14
21 23 68
14 17 73
13 15 68
0 3 9
8 12 33
23 2 60
6 11 77
14 18 94
15 18 4
0 2 16
21 1 53
2 4 47
4 7 52
5 8 30
14 16 14
12 14 88
15 18 42
6 9 29
21 1 58
16 19 16
22 1 38
1 3 32
3 6 13
6 8 44
6 9 13
4 7 3
16 19 4
8 9 36
12 16 1
16 18 81
8 13 56
2 5 51
7 10 27
0 2 49
19 23 88
2 7 21
5 9 96
12 17 81
14 18 66
17 19 15
7 9 16
1 1 64
0 3 16
0 2 16
20 22 32
22 1 42
19 0 9
15 16 42
23 1 59
12 14 23
10 13 12
3 7 76
5 10 48
4 7 99
8 12 91
6 10 77
23 2 81
16 22 95
5 7 13
17 21 43
21 23 79
20 23 20
11 13 26
20 23 7
17 20 23
22 1 45
16 18 85
21 23 25
10 12 42
18 21 48
9 12 76
17 22 73
0 3 19
12 15 94
5 8 63
4 9 21
13 15 98
22 0 3
23 2 5
18 20 50
18 23 32
3 6 78
22 1 36
8 11 30
17 21 81
9 13 29
8 11 90
6 8 72
7 10 72
20 0 16
7 11 82
15 17 83
3 7 73
23 2 85
10 12 36
2 3 18
3 4 24
10 13 87
4 9 52
20 23 95
19 21 4
18 22 10
11 16 94
20 23 54
21 0 19
14 18 96
17 20 33
18 20 6
13 16 15
21 22 82
23 1 95
11 14 26
20 22 51
3 7 36
12 16 24
11 14 78
8 11 29
0 3 21
14 18 84
11 14 52
19 22 63
13 16 56
1 5 43
9 13 78
7 9 8
6 7 19
11 14 24
6 7 17
6 10 8
19 22 60
8 11 82
19 0 76
2 5 14
20 1 50
4 8 37
3 7 18
22 0 57
11 14 41
12 16 15
21 1 86
8 11 61
7 10 41
2 6 96
14 17 39
12 15 86
7 9 13
6 10 24
10 12 30
4 6 24
22 1 68
18 20 76
22 1 30
20 23 4
22 0 96
8 11 87
22 2 7
21 1 66
23 3 33
2 5 82
20 23 25
22 1 52
21 1 22
12 15 17
19 22 83
5 9 76
12 15 6
3 4 68
23 2 24
13 16 85
20 22 34
6 8 34
17 21 33
19 22 44
16 20 91
19 23 44
14 18 24
8 12 31
1 4 63
16 18 54
12 14 17
19 20 17
10 13 31
17 22 20
19 21 87
22 0 55
1 4 3
10 12 18
7 10 4
9 12 56
9 12 71
10 11 48
16 21 60
10 13 74
2 4 53
2 3 51
6 11 59
18 18 32
2 6 87
17 19 42
14 17 87
6 9 65
16 18 48
19 22 6
22 22 1
8 11 33
22 2 10
9 13 25
2 6 32
2 6 91
0 5 63
14 18 92
9 11 35
17 21 100
6 8 37
20 0 57
3 4 9
1 6 40
0 4 71
14 17 65
10 14 2
6 8 10
0 3 3
3 7 75
18 20 37
12 15 3
15 20 51
16 18 51
21 22 35
1 6 30
0 4 27
11 13 96
3 6 76
6 8 9
1 3 63
5 8 36
11 15 54
9 14 55
23 2 66
11 15 10
4 7 62
16 20 59
0 4 72
0 3 26
8 10 17
11 16 94
4 6 73
18 20 7
14 16 94
11 15 56
1 4 23
1 5 19
0 2 2
8 10 12
16 20 42
21 23 26
5 8 16
11 13 65
5 7 36
6 10 33
11 17 8
10 13 1
2 4 26
4 9 22
11 13 13
9 11 49
8 10 58
6 8 98
16 19 40
18 19 28
5 7 58
8 10 21
3 8 12
7 10 62
10 14 78
1 4 71
22 23 76
18 21 95
5 7 81
4 6 80
18 20 48
3 4 64
3 7 28
22 1 88
0 4 97
4 6 62
5 9 63
16 20 1
17 20 55
14 16 85
16 18 40
4 7 17
5 9 97
2 5 25
18 22 15
12 16 39
14 16 100
10 14 67
1 5 88
5 8 40
22 1 62
13 16 71
2 5 61
10 14 11
6 7 58
2 5 47
8 11 76
10 13 100
8 10 26
9 13 17
0 4 71
15 17 99
19 23 1
7 12 75
4 5 34
23 1 56
6 9 53
18 20 95
15 18 80
11 15 37
2 4 57
4 7 83
7 11 44
22 0 76
5 9 32
5 9 99
17 21 40
21 0 2
2 4 39
22 0 73
9 11 67
8 9 74
5 7 4
14 17 65
19 23 38
21 1 71
6 10 72
0 4 66
16 18 48
9 12 11
2 4 58
2 4 30
23 1 28
22 1 78
16 18 75
9 14 9
16 20 11
1 3 45
5 9 47
14 16 44
18 22 51
11 14 65
0 3 66
18 21 72
19 0 83
21 23 54
6 9 79
18 20 93
18 23 56
7 9 16
4 6 66
12 15 83
16 18 26
11 14 25
7 10 34
6 8 77
18 19 60
7 11 48
2 5 15
6 9 25
2 5 70
17 21 86
12 16 75
17 19 96
5 8 33
23 0 24
6 11 25
17 21 85
16 18 82
19 21 64
19 23 37
9 14 70
3 5 71
16 20 26
1 5 26
8 12 1
22 1 98
7 8 39
20 0 85
6 10 27
23 2 1
18 22 65
14 16 47
21 23 18
15 17 15
19 22 53
5 9 75
5 8 59
11 13 88
15 20 25
1 5 94
9 12 40
10 12 20
20 23 24
1 6 32
13 16 88
19 21 95
19 22 24
2 4 23
18 22 87
0 3 12
23 0 61
1 4 8
20 23 28
8 11 7
17 19 93
21 0 12
20 23 11
9 12 66
21 1 6
