1000 100
8 85 11 90 51 2 30 4 18 86 22 52 76 60 99 36 79 100 76 8 97 28 78 77 8 5 61 69 29 59 71 12 92 61 7 25 32 17 79 40 82 27 21 86 53 99 43 67 39 75 38 22 18 23 67 9 65 12 43 47 93 2 26 5 46 88 16 82 27 60 65 46 35 66 3 63 98 69 65 45 13 31 96 54 3 8 16 91 15 48 45 32 18 48 82 22 49 37 61 86 
20 22 53
18 20 42
18 22 69
17 18 30
18 20 75
15 20 15
11 14 16
2 6 17
19 21 78
10 14 30
5 8 44
4 8 98
4 8 55
0 5 61
15 17 97
9 12 82
2 4 35
13 18 51
22 0 73
14 17 27
4 8 89
13 17 66
17 18 12
20 0 36
7 10 78
21 23 72
9 11 41
19 22 66
13 15 70
18 22 8
2 5 63
1 2 100
14 17 92
13 16 28
12 15 51
3 5 54
1 3 75
16 18 9
6 9 47
21 22 33
22 2 13
19 22 52
6 8 85
4 6 25
8 10 4
18 20 35
18 22 14
8 13 84
13 16 98
8 12 59
23 2 5
19 21 30
1 5 27
2 6 16
1 5 99
16 21 4
18 21 76
17 19 22
6 9 80
2 5 13
23 3 6
0 3 15
4 6 14
1 4 23
3 6 31
7 10 31
7 10 92
9 13 65
1 5 68
1 6 45
12 15 89
19 22 22
12 14 79
0 3 69
15 18 42
15 18 36
3 7 60
14 16 99
13 16 18
19 22 46
6 9 63
5 8 2
23 4 18
15 18 38
1 4 77
19 21 39
19 22 93
10 12 37
10 13 44
13 16 20
21 0 84
8 12 64
21 0 30
20 23 31
13 16 32
20 0 54
13 17 95
7 9 70
9 12 57
13 15 100
6 8 65
16 18 99
20 0 55
13 16 67
10 13 4
11 13 52
3 5 55
10 12 17
2 4 97
2 5 11
23 3 35
3 6 93
6 9 100
0 4 16
8 13 40
3 6 31
10 14 2
22 0 80
20 23 6
3 6 13
13 16 84
2 6 68
7 11 87
22 2 22
4 5 7
13 15 25
1 3 94
12 15 58
8 11 28
13 16 77
9 12 94
13 17 71
2 4 40
1 3 48
8 10 59
10 11 25
1 3 7
16 20 35
17 20 4
2 3 98
13 16 73
3 4 96
6 10 24
15 16 87
3 4 56
9 14 85
22 1 3
21 22 73
10 12 97
19 21 39
10 13 63
5 8 90
20 0 15
8 11 93
22 0 91
7 10 35
22 0 45
0 2 51
23 1 24
12 14 12
13 15 24
22 0 12
21 23 39
10 14 56
6 10 34
18 20 30
20 22 1
2 4 11
1 3 10
12 12 33
3 6 25
10 12 30
19 21 26
20 23 45
10 14 85
0 3 72
4 5 18
14 17 22
15 16 58
16 18 48
20 0 57
21 23 26
0 3 67
21 0 10
23 2 17
6 9 37
8 12 59
17 20 87
11 14 43
23 3 9
8 11 20
9 12 30
4 7 67
22 1 12
15 18 61
12 14 69
8 11 40
16 18 39
4 8 44
10 13 20
23 2 94
10 13 39
10 12 23
7 7 50
14 17 46
21 0 49
10 12 65
3 5 27
20 0 53
0 4 50
19 21 95
12 16 88
20 0 7
20 23 86
12 16 96
13 16 51
10 15 13
23 3 48
14 17 81
14 18 85
14 19 97
16 18 86
17 19 53
15 17 81
6 8 19
23 4 55
6 8 75
8 13 89
19 21 56
23 2 18
14 18 45
1 6 26
3 6 71
7 10 41
7 12 63
3 7 54
20 23 15
17 18 44
2 6 94
2 6 23
7 9 35
23 4 34
1 2 92
9 13 50
18 20 81
8 11 66
5 9 15
16 18 12
17 19 45
13 15 81
3 6 27
4 8 36
20 22 98
21 23 98
18 21 18
17 20 81
13 16 58
22 2 63
19 22 20
6 11 12
5 8 33
6 8 35
7 10 67
23 1 22
16 19 9
15 16 81
6 11 47
21 0 24
5 9 50
7 11 63
22 1 74
10 15 5
0 2 21
6 9 56
2 4 75
12 15 9
11 13 26
9 12 15
4 7 40
20 22 96
19 22 70
22 1 6
3 5 68
3 6 96
22 0 93
17 20 79
13 16 48
0 3 84
22 2 78
19 22 54
13 17 43
22 1 78
15 18 84
11 14 69
23 4 34
14 17 49
11 14 63
13 15 14
6 10 70
21 23 14
11 16 10
3 7 53
2 5 46
12 17 99
0 3 58
13 16 83
17 20 54
18 20 54
13 16 17
16 18 60
15 17 21
10 13 19
10 13 76
2 6 13
6 10 85
17 18 33
14 16 41
15 17 25
6 9 16
0 3 97
22 23 100
21 2 64
21 1 5
5 8 46
15 19 8
6 8 26
23 2 90
17 21 84
12 17 68
13 14 62
5 10 78
4 9 35
14 17 87
5 8 74
10 12 39
11 14 49
19 21 80
17 21 80
1 2 33
19 22 79
15 17 40
5 6 20
3 6 61
0 4 11
8 11 5
6 10 40
11 14 100
7 11 27
3 6 29
15 18 83
21 2 98
23 2 64
6 8 42
13 16 71
3 7 27
18 20 60
16 20 94
2 5 79
22 3 64
22 0 84
7 9 78
3 6 58
22 1 58
21 1 3
18 19 65
3 4 57
5 9 100
11 12 81
13 16 50
19 22 78
5 10 34
11 15 95
20 22 74
16 18 45
3 6 81
17 21 4
7 10 19
4 7 82
20 23 53
6 7 95
19 22 46
20 21 71
9 11 96
2 7 97
12 13 92
20 21 27
20 23 69
15 18 31
9 11 15
20 0 4
17 18 12
23 3 50
2 6 32
12 16 19
9 11 25
18 21 96
16 18 85
11 14 23
13 16 3
16 17 94
5 7 98
12 15 31
18 21 35
5 8 4
4 7 83
14 19 46
19 21 99
22 1 44
13 15 2
12 13 32
15 21 58
4 7 62
5 9 95
1 3 40
0 4 78
11 13 27
23 2 45
5 7 97
7 11 26
7 12 90
11 13 4
12 16 79
16 18 27
18 20 27
16 20 49
21 0 30
18 19 73
9 11 31
3 7 49
18 22 70
19 22 49
7 10 54
17 20 63
21 0 60
6 9 92
9 11 72
16 19 88
8 11 49
12 15 92
14 16 27
16 19 47
21 23 62
12 15 32
20 23 55
18 22 65
2 5 21
12 13 97
14 18 8
3 5 48
5 7 56
9 12 54
8 9 93
20 23 66
12 14 20
11 12 97
23 2 22
19 22 82
22 1 47
20 21 90
21 0 42
12 14 36
10 14 16
18 23 87
2 5 15
21 0 47
5 8 8
9 13 73
0 4 14
10 14 31
8 11 61
16 17 55
20 23 15
9 12 13
2 4 95
22 0 75
1 4 42
22 1 37
23 2 99
6 8 32
15 17 16
10 13 72
6 9 15
3 6 47
22 0 83
6 7 67
9 12 18
6 10 26
16 20 36
1 4 47
15 17 71
5 9 79
3 6 46
17 20 67
22 1 37
12 16 11
20 23 13
19 22 41
12 16 3
5 7 44
20 22 66
12 15 23
2 5 98
3 6 20
1 5 82
5 8 95
12 14 73
13 15 45
6 9 37
1 4 92
15 18 58
17 21 87
7 9 1
17 19 72
19 23 5
10 13 74
3 7 96
15 17 8
18 20 94
7 9 16
21 1 100
15 18 41
20 22 63
13 16 7
19 21 74
8 11 60
5 9 69
1 5 48
23 3 70
16 20 66
17 20 85
4 8 40
16 20 66
1 5 13
0 1 5
0 3 45
6 9 97
21 0 44
0 3 97
9 13 31
7 7 67
7 11 88
13 15 79
16 19 82
0 3 51
0 2 85
10 13 99
21 0 4
3 7 8
16 18 43
9 11 29
8 12 58
23 3 48
7 10 39
12 16 83
12 17 54
22 0 59
8 10 13
12 15 90
1 4 39
2 4 70
13 17 66
16 19 36
12 15 58
8 12 94
6 10 69
15 18 43
3 6 50
17 19 12
19 22 11
4 6 17
19 22 22
14 16 37
21 0 15
10 12 8
15 18 16
4 7 11
0 3 100
7 11 40
3 6 66
20 21 22
11 12 24
8 11 84
21 23 100
5 9 86
9 14 54
11 12 15
6 6 24
14 16 81
5 10 31
17 19 6
8 11 39
22 0 76
6 8 8
10 13 45
20 22 41
20 21 19
19 21 53
21 0 82
20 1 31
11 14 72
22 0 97
15 18 38
19 23 82
14 17 81
5 9 77
5 8 42
1 3 31
21 0 97
18 22 70
16 19 50
23 1 50
15 18 32
4 8 71
19 23 27
7 10 22
5 8 49
16 20 15
14 18 29
20 21 8
4 6 92
13 17 48
12 14 27
16 19 84
19 22 53
10 12 36
15 18 85
14 17 13
22 1 61
11 15 13
14 16 2
5 6 1
5 5 6
4 6 70
12 16 100
23 3 42
13 17 53
4 6 23
18 19 69
5 8 71
2 4 82
23 1 99
10 15 67
16 19 74
7 10 67
19 22 68
10 13 87
23 0 79
4 7 38
4 7 94
2 4 3
9 12 5
14 19 96
10 13 57
19 21 78
4 7 51
22 2 20
16 19 69
15 19 16
4 8 16
17 19 21
16 21 47
5 9 41
9 12 29
19 23 76
14 18 97
14 17 9
23 2 92
10 13 70
17 21 14
2 4 5
10 15 95
19 23 97
23 2 91
19 22 59
7 10 3
4 9 36
19 22 51
9 12 100
11 13 63
15 17 68
12 17 65
13 16 36
0 3 96
18 21 57
22 3 88
20 1 88
4 8 6
3 7 5
2 3 91
11 13 73
16 20 36
0 5 53
17 20 16
3 4 40
23 3 95
9 13 60
13 16 51
1 3 12
19 21 75
10 14 96
1 3 9
2 7 12
10 11 52
8 10 61
8 9 18
18 21 53
5 7 98
15 19 47
12 14 39
1 5 45
18 22 42
19 23 48
11 12 35
16 18 16
11 15 67
13 15 88
21 0 31
6 8 25
20 20 63
3 5 78
1 5 69
4 7 65
13 16 64
6 9 47
12 14 32
17 19 37
4 8 90
5 9 82
6 9 42
21 0 82
19 23 73
13 17 35
4 6 21
14 17 70
22 0 70
19 22 89
8 11 95
7 8 62
1 4 43
10 12 23
7 9 1
6 7 65
0 3 11
13 14 72
0 3 17
22 1 6
2 5 71
3 6 77
4 7 92
14 19 95
11 14 73
18 20 17
16 18 92
10 12 52
3 6 88
22 1 91
20 23 3
19 21 41
12 15 4
14 17 62
5 8 22
1 2 65
2 6 75
13 15 55
4 8 17
18 21 89
1 4 79
23 2 80
18 20 85
8 9 6
15 17 28
15 18 15
3 4 5
22 1 29
20 0 97
5 8 13
15 18 46
5 9 92
9 10 32
11 15 55
16 18 66
16 19 46
20 23 69
11 13 50
6 9 3
8 9 38
21 21 92
20 0 57
7 9 39
9 11 25
5 7 87
16 19 1
12 15 33
21 23 31
2 6 85
14 17 34
9 11 90
22 0 52
5 9 19
12 15 8
7 12 80
9 10 63
9 11 78
18 22 54
13 17 65
7 11 83
12 16 97
9 12 90
16 19 31
20 21 50
9 11 98
13 15 36
10 14 3
21 0 9
3 6 54
18 22 3
23 2 58
10 14 3
18 21 32
9 14 5
5 7 99
18 18 14
12 15 78
23 4 23
10 13 98
2 6 12
10 13 16
18 18 42
9 12 44
6 10 51
14 15 57
6 9 98
11 14 64
0 3 93
19 22 70
8 12 66
1 5 71
22 23 65
4 9 25
13 16 33
19 22 90
9 12 21
23 3 51
2 4 80
11 13 35
15 19 55
21 0 2
15 18 88
8 10 44
6 11 44
5 8 54
7 10 41
17 17 49
0 4 43
19 22 62
8 10 68
16 20 52
17 20 82
7 11 69
9 12 90
0 2 91
10 13 55
11 16 13
9 12 9
21 22 83
13 17 23
1 5 42
9 12 96
1 4 61
18 21 7
16 18 60
8 10 72
18 20 20
1 4 47
10 12 66
17 21 39
12 14 38
16 21 49
6 9 70
15 20 34
0 3 16
17 22 95
9 13 42
15 19 75
7 10 98
9 11 70
13 16 99
6 9 74
23 0 40
1 4 7
12 17 81
2 5 96
10 14 57
18 21 22
14 17 37
18 22 7
5 9 67
18 21 85
13 17 78
2 6 11
17 19 25
3 4 87
7 10 48
13 19 50
7 10 63
1 2 5
21 23 65
23 1 16
0 4 92
20 23 86
0 4 38
8 12 28
21 23 25
12 15 21
19 22 50
5 9 86
20 22 92
15 17 83
20 21 82
21 23 77
14 16 44
20 0 47
11 14 85
19 21 53
22 1 88
10 15 45
22 1 59
6 10 20
0 3 21
0 3 15
19 21 88
6 9 83
2 5 70
11 15 8
22 1 87
1 4 4
3 7 69
7 11 90
16 19 36
22 0 62
17 20 30
14 18 8
5 8 44
15 18 30
2 5 48
13 15 12
12 16 48
15 19 17
1 3 23
14 17 54
23 2 26
14 17 88
20 0 16
23 2 50
8 10 91
6 9 39
18 21 35
9 13 41
20 0 22
6 10 12
16 18 19
11 13 98
18 19 4
1 3 54
5 9 98
0 2 52
13 17 82
9 13 24
7 10 46
14 17 2
18 22 8
20 23 11
19 21 98
22 2 63
9 13 6
5 6 35
13 17 30
3 6 9
21 23 22
19 22 84
6 10 92
7 10 44
2 4 66
12 16 45
7 10 45
19 0 98
23 1 90
5 8 35
7 10 40
22 2 100
11 15 81
15 18 97
6 10 72
21 0 24
23 1 32
11 14 40
10 14 90
7 9 23
9 12 75
8 11 59
