100 100
51 69 22 18 64 21 62 79 44 15 68 53 13 49 7 41 99 42 8 51 35 23 79 34 27 80 76 49 78 52 35 59 46 34 80 24 13 89 32 66 56 27 45 27 50 47 2 79 7 73 64 73 47 51 23 72 45 58 14 17 65 27 2 23 74 53 31 22 1 90 98 32 13 51 80 41 2 57 31 57 76 71 71 84 18 28 32 29 55 85 77 9 15 89 56 46 85 85 90 60 
17 22 25
16 19 34
17 20 92
16 19 9
1 5 90
13 17 74
19 22 43
10 14 34
6 10 58
3 6 63
4 6 5
18 20 36
3 7 74
20 22 1
10 13 91
13 18 34
8 11 71
2 7 64
8 10 23
23 3 34
23 3 39
17 21 80
3 4 7
15 17 33
14 18 47
23 2 85
21 22 26
2 6 20
12 15 56
14 16 96
17 19 28
18 20 66
5 9 100
4 6 14
15 17 61
4 6 23
19 21 63
7 9 93
4 6 60
18 23 21
0 1 93
7 10 2
5 10 34
2 6 86
4 8 38
22 0 40
6 7 33
22 23 59
12 14 70
2 5 92
9 12 14
10 13 10
12 14 36
6 9 43
9 12 94
22 1 19
3 5 21
22 0 27
11 13 95
23 3 72
5 8 14
21 0 48
9 12 10
20 22 77
3 5 43
11 15 23
0 5 99
22 2 57
1 5 75
14 17 59
8 10 35
5 8 65
16 21 8
12 15 98
10 14 21
7 11 18
5 8 30
8 10 7
3 7 59
5 8 13
6 9 54
13 16 45
10 13 34
21 2 7
23 2 19
18 20 52
12 15 73
22 2 62
3 6 29
19 23 20
12 16 99
3 6 80
6 10 13
2 6 62
15 18 24
11 16 96
4 7 81
5 8 45
23 1 74
9 11 73
